10.000000	18.764000	-49.217556	0.000000	0.000000	-49.325935	-0.000367	0.034516	0.004003	-17.500000	0.000000	0.000000	1.000000	1.000000	1.156000	0.016471	-0.000000	0.078939	0.000000	0.000000	1.002079	0.031907
10.000000	18.864000	-48.408398	0.000000	0.000000	-48.501507	-0.000150	0.036689	0.003998	-17.500000	0.000000	0.000000	1.000000	1.000000	1.156000	0.017580	0.000000	0.078778	0.000000	0.000000	1.002293	0.021384
10.000000	18.964001	-47.592216	0.000000	0.000000	-47.671375	0.000869	0.037839	0.004005	-17.500000	0.000000	0.000000	1.000000	1.000000	1.156000	0.016401	0.000000	0.082924	0.000000	0.000000	1.002397	0.010860
10.000000	19.063999	-46.770149	0.000000	0.000000	-46.836628	0.000580	0.038110	0.004001	-17.500000	0.000000	0.000000	1.000000	1.000000	1.156000	0.016139	0.000000	0.080614	0.000000	0.000000	1.002392	0.000337
10.000000	19.164000	-45.943275	0.000000	0.000000	-45.996552	-0.001216	0.038945	0.003996	-17.500000	0.000000	0.000000	1.000000	1.000000	1.156000	0.017390	0.000000	0.083221	0.000000	-0.000000	1.002277	-0.010184
10.000000	19.264000	-45.112629	0.000000	0.000000	-45.156502	0.000037	0.038465	0.004003	-17.500000	0.000000	0.000000	1.000000	1.000000	1.156000	0.015756	0.000000	0.082709	0.000000	-0.000000	1.002053	-0.020702
10.000000	19.364000	-44.279198	0.000000	0.000000	-44.314606	0.001128	0.039175	0.003999	-17.500000	0.000000	0.000000	1.000000	1.000000	1.156000	0.015689	0.000000	0.082190	0.000000	-0.000000	1.001719	-0.031216
10.000000	19.464001	-43.443924	0.000000	0.000000	-43.467144	0.000870	0.041954	0.004006	-17.500000	0.000000	0.000000	1.000000	1.000000	1.156000	0.017794	0.000000	0.078778	0.000000	-0.000000	1.001277	-0.041724
10.000000	19.563999	-42.607700	0.000000	0.000000	-42.625088	0.000603	0.042158	0.004001	-17.500000	0.000000	0.000000	1.000000	1.000000	1.156000	0.017654	-0.000000	0.078728	0.000000	-0.000000	1.000725	-0.052226
10.000000	19.664000	-41.771389	0.000000	0.000000	-41.782272	0.000524	0.041609	0.003997	-17.500000	0.000000	0.000000	1.000000	1.000000	1.156000	0.017495	-0.000000	0.082789	0.000000	-0.000000	1.000064	-0.062721
10.000000	19.764000	-40.935795	0.000000	0.000000	-40.943398	0.000628	0.041366	0.004004	-17.500000	0.000000	0.000000	1.000000	1.000000	1.156000	0.016931	-0.000000	0.082339	0.000000	-0.000000	0.999294	-0.073207
10.000000	19.864000	-40.101692	0.000000	0.000000	-40.103142	0.000166	0.041568	0.003999	-17.500000	0.000000	0.000000	1.000000	1.000000	1.156000	0.018198	-0.000000	0.078635	0.000000	-0.000000	0.998416	-0.083683
10.000000	19.964001	-39.269814	0.000000	0.000000	-39.266777	0.001192	0.041452	0.003995	-17.500000	0.000000	0.000000	1.000000	1.000000	1.156000	0.017073	-0.000000	0.078711	0.000000	-0.000000	0.997428	-0.094148
10.000000	20.063999	-38.440849	0.000000	0.000000	-38.434902	-0.000405	0.041016	0.004002	-17.500000	0.000000	0.000000	1.000000	1.000000	1.156000	0.017599	-0.000000	0.083092	0.000000	-0.000000	0.996332	-0.104601
10.000000	20.164000	-37.615463	0.000000	0.000000	-37.606857	0.000211	0.041316	0.003997	-17.500000	0.000000	0.000000	1.000000	1.000000	1.156000	0.015592	-0.000000	0.082695	0.000000	-0.000000	0.995128	-0.115041
10.000000	20.264000	-36.794270	0.000000	0.000000	-36.780281	0.001185	0.041462	0.004004	-17.500000	0.000000	0.000000	1.000000	1.000000	1.156000	0.017371	0.000000	0.081321	0.000000	-0.000000	0.993815	-0.125467
10.000000	20.364000	-35.977863	0.000000	0.000000	-35.959305	-0.000137	0.040849	0.004000	-17.500000	0.000000	0.000000	1.000000	1.000000	1.156000	0.017169	0.000000	0.079328	0.000000	-0.000000	0.992394	-0.135878
10.000000	20.464001	-35.166790	0.000000	0.000000	-35.146233	-0.000602	0.042255	0.003995	-17.500000	0.000000	0.000000	1.000000	1.000000	1.156000	0.017588	0.000000	0.078387	0.000000	-0.000000	0.990865	-0.146272
10.000000	20.563999	-34.361572	0.000000	0.000000	-34.339397	0.000474	0.039421	0.004002	-17.500000	0.000000	0.000000	1.000000	1.000000	1.156000	0.017633	0.000000	0.078132	0.000000	-0.000000	0.989228	-0.156649
10.000000	20.664000	-33.562706	0.000000	0.000000	-33.536842	0.000994	0.039570	0.003998	-17.500000	0.000000	0.000000	1.000000	1.000000	1.156000	0.017638	0.000000	0.078677	0.000000	-0.000000	0.987483	-0.167007
10.000000	20.764000	-32.770645	0.000000	0.000000	-32.742798	0.000212	0.039194	0.004005	-17.500000	0.000000	0.000000	1.000000	1.000000	1.156000	0.016419	0.000000	0.078727	0.000000	-0.000000	0.985631	-0.177346
10.000000	20.864000	-31.985823	0.000000	0.000000	-31.955454	-0.000444	0.038778	0.004000	-17.500000	0.000000	0.000000	1.000000	1.000000	1.156000	0.017457	0.000000	0.077954	0.000000	-0.000000	0.983672	-0.187664
10.000000	20.964001	-31.208641	0.000000	0.000000	-31.175974	-0.000273	0.039925	0.003995	-17.500000	0.000000	0.000000	1.000000	1.000000	1.156000	0.017615	-0.000000	0.078510	0.000000	-0.000000	0.981605	-0.197959
10.000000	21.063999	-30.439474	0.000000	0.000000	-30.404989	0.000406	0.038055	0.004003	-17.500000	0.000000	0.000000	1.000000	1.000000	1.156000	0.017635	-0.000000	0.078918	0.000000	-0.000000	0.979432	-0.208232
10.000000	21.164000	-29.678673	0.000000	0.000000	-29.641855	0.000804	0.039733	0.003998	-17.500000	0.000000	0.000000	1.000000	1.000000	1.156000	0.017638	-0.000000	0.077859	0.000000	-0.000000	0.977153	-0.218481
10.000000	21.264000	-28.926561	0.000000	0.000000	-28.887791	0.000601	0.039826	0.004005	-17.500000	0.000000	0.000000	1.000000	1.000000	1.156000	0.017638	-0.000000	0.078638	0.000000	-0.000000	0.974767	-0.228705
10.000000	21.364000	-28.183437	0.000000	0.000000	-28.144581	0.000502	0.037310	0.004001	-17.500000	0.000000	0.000000	1.000000	1.000000	1.156000	0.016790	-0.000000	0.078721	0.000000	-0.000000	0.972275	-0.238902
10.000000	21.464001	-27.449577	0.000000	0.000000	-27.405647	0.001996	0.039575	0.003996	-17.500000	0.000000	0.000000	1.000000	1.000000	1.156000	0.017201	-0.000000	0.077311	0.000000	-0.000000	0.969677	-0.249072
10.000000	21.563999	-26.725237	0.000000	0.000000	-26.679354	-0.000188	0.038665	0.004003	-17.500000	0.000000	0.000000	1.000000	1.000000	1.156000	0.015757	-0.000000	0.078630	0.000000	-0.000000	0.966974	-0.259214
10.000000	21.664000	-26.010647	0.000000	0.000000	-25.966314	0.000343	0.035477	0.003999	-17.500000	0.000000	0.000000	1.000000	1.000000	1.156000	0.017742	0.000000	0.080072	0.000000	-0.000000	0.964166	-0.269326
10.000000	21.764000	-25.306019	0.000000	0.000000	-25.256992	0.001434	0.038188	0.004006	-17.500000	0.000000	0.000000	1.000000	1.000000	1.156000	0.017652	0.000000	0.086922	0.000000	-0.000000	0.961253	-0.279408
10.000000	21.864000	-24.611546	0.000000	0.000000	-24.561522	-0.000183	0.037246	0.004001	-17.500000	0.000000	0.000000	1.000000	1.000000	1.156000	0.017640	0.000000	0.086630	0.000000	-0.000000	0.958236	-0.289458
10.000000	21.964001	-23.927397	0.000000	0.000000	-23.878717	0.000761	0.035928	0.003996	-17.500000	0.000000	0.000000	1.000000	1.000000	1.156000	0.014744	0.000000	0.082489	0.000000	-0.000000	0.955114	-0.299476
10.000000	22.063999	-23.253727	0.000000	0.000000	-23.203215	0.000092	0.035542	0.004004	-17.500000	0.000000	0.000000	1.000000	1.000000	1.156000	0.017422	0.000000	0.087036	0.000000	-0.000000	0.951888	-0.309459
10.000000	22.164000	-22.590673	0.000000	0.000000	-22.539818	0.001350	0.035100	0.003999	-17.500000	0.000000	0.000000	1.000000	1.000000	1.156000	0.017310	0.000000	0.083955	0.000000	-0.000000	0.948559	-0.319408
10.000000	22.264000	-21.938354	0.000000	0.000000	-21.886200	0.000475	0.035126	0.003994	-17.500000	0.000000	0.000000	1.000000	1.000000	1.156000	0.017603	-0.000000	0.086635	0.000000	-0.000000	0.945127	-0.329321
10.000000	22.364000	-21.296873	0.000000	0.000000	-21.243481	-0.000531	0.034978	0.004002	-17.500000	0.000000	0.000000	1.000000	1.000000	1.156000	0.014480	-0.000000	0.086617	0.000000	-0.000000	0.941592	-0.339197
10.000000	22.464001	-20.666315	0.000000	0.000000	-20.612915	0.000574	0.033808	0.003997	-17.500000	0.000000	0.000000	1.000000	1.000000	1.156000	0.016185	0.000000	0.083142	0.000000	-0.000000	0.937955	-0.349035
10.000000	22.563999	-20.046757	0.000000	0.000000	-19.990913	0.000190	0.033777	0.004004	-17.500000	0.000000	0.000000	1.000000	1.000000	1.156000	0.015694	0.000000	0.086940	0.000000	-0.000000	0.934215	-0.358834
10.000000	22.664000	-19.438253	0.000000	0.000000	-19.384094	0.001735	0.032504	0.003999	-17.500000	0.000000	0.000000	1.000000	1.000000	1.156000	0.015681	-0.000000	0.082655	0.000000	-0.000000	0.930374	-0.368593
10.000000	22.764000	-18.840849	0.000000	0.000000	-18.785311	-0.000111	0.032415	0.003995	-17.500000	0.000000	0.000000	1.000000	1.000000	1.156000	0.017775	-0.000000	0.086774	0.000000	-0.000000	0.926432	-0.378311
10.000000	22.864000	-18.254580	0.000000	0.000000	-18.198137	0.000299	0.032861	0.004002	-17.500000	0.000000	0.000000	1.000000	1.000000	1.156000	0.015318	0.000000	0.083376	0.000000	-0.000000	0.922390	-0.387987
10.000000	22.964001	-17.679461	0.000000	0.000000	-17.624310	-0.000653	0.028805	0.003997	-17.500000	0.000000	0.000000	1.000000	1.000000	1.156000	0.016808	0.000000	0.086517	0.000000	-0.000000	0.918247	-0.397619
10.000000	23.063999	-17.115503	0.000000	0.000000	-17.059874	0.001637	0.029634	0.004005	-17.500000	0.000000	0.000000	1.000000	1.000000	1.156000	0.017708	-0.000000	0.085312	0.000000	-0.000000	0.914004	-0.407207
10.000000	23.164000	-16.562702	0.000000	0.000000	-16.507658	0.001235	0.028919	0.004000	-17.500000	0.000000	0.000000	1.000000	1.000000	1.156000	0.017621	-0.000000	0.086490	0.000000	-0.000000	0.909662	-0.416750
10.000000	23.264000	-16.021044	0.000000	0.000000	-15.962432	0.000789	0.030903	0.003995	-17.500000	0.000000	0.000000	1.000000	1.000000	1.156000	0.015171	0.000000	0.086594	0.000000	-0.000000	0.905220	-0.426247
10.000000	23.364000	-15.490504	0.000000	0.000000	-15.431776	0.000243	0.030683	0.004003	-17.500000	0.000000	0.000000	1.000000	1.000000	1.156000	0.015740	0.000000	0.086604	0.000000	-0.000000	0.900681	-0.435697
10.000000	23.464001	-14.971050	0.000000	0.000000	-14.912993	0.000842	0.029544	0.003998	-17.500000	0.000000	0.000000	1.000000	1.000000	1.156000	0.017809	-0.000000	0.086605	0.000000	-0.000000	0.896043	-0.445098
10.000000	23.563999	-14.462639	0.000000	0.000000	-14.402863	-0.000162	0.029976	0.004005	-17.500000	0.000000	0.000000	1.000000	1.000000	1.156000	0.014751	-0.000000	0.086605	0.000000	-0.000000	0.891308	-0.454450
10.000000	23.664000	-13.965219	0.000000	0.000000	-13.907520	0.000626	0.027080	0.004000	-17.500000	0.000000	0.000000	1.000000	1.000000	1.156000	0.016030	0.000000	0.086605	0.000000	-0.000000	0.886476	-0.463751
10.000000	23.764000	-13.478732	0.000000	0.000000	-13.419209	-0.000680	0.028167	0.003996	-17.500000	0.000000	0.000000	1.000000	1.000000	1.156000	0.017600	0.000000	0.086605	0.000000	-0.000000	0.881548	-0.473002
10.000000	23.864000	-13.003111	0.000000	0.000000	-12.945696	0.000289	0.026591	0.004003	-17.500000	0.000000	0.000000	1.000000	1.000000	1.156000	0.014088	-0.000000	0.086599	0.000000	-0.000000	0.876524	-0.482200
10.000000	23.964001	-12.538280	0.000000	0.000000	-12.479810	-0.000174	0.026230	0.003998	-17.500000	0.000000	0.000000	1.000000	1.000000	1.156000	0.017908	-0.000000	0.086741	0.000000	-0.000000	0.871405	-0.491344
10.000000	24.063999	-12.084161	0.000000	0.000000	-12.024605	0.000491	0.026596	0.004006	-17.500000	0.000000	0.000000	1.000000	1.000000	1.156000	0.015196	0.000000	0.085539	0.000000	-0.000000	0.866190	-0.500435
10.000000	24.164000	-11.640664	0.000000	0.000000	-11.584215	0.000004	0.025724	0.004001	-17.500000	0.000000	0.000000	1.000000	1.000000	1.156000	0.015229	0.000000	0.086717	0.000000	-0.000000	0.860882	-0.509470
10.000000	24.264000	-11.207697	0.000000	0.000000	-11.150412	0.000349	0.027272	0.003996	-17.500000	0.000000	0.000000	1.000000	1.000000	1.156000	0.017684	-0.000000	0.086619	0.000000	-0.000000	0.855480	-0.518449
10.000000	24.364000	-10.785162	0.000000	0.000000	-10.725924	-0.000107	0.025680	0.004003	-17.500000	0.000000	0.000000	1.000000	1.000000	1.156000	0.015590	-0.000000	0.086606	0.000000	-0.000000	0.849985	-0.527371
10.000000	24.464001	-10.372953	0.000000	0.000000	-10.314125	0.001064	0.025785	0.003999	-17.500000	0.000000	0.000000	1.000000	1.000000	1.156000	0.015232	0.000000	0.083784	0.000000	-0.000000	0.844397	-0.536235
10.000000	24.563999	-9.970963	0.000000	0.000000	-9.914150	0.000420	0.024443	0.003994	-17.500000	0.000000	0.000000	1.000000	1.000000	1.156000	0.015644	0.000000	0.083924	0.000000	-0.000000	0.838718	-0.545039
10.000000	24.664000	-9.579078	0.000000	0.000000	-9.521345	0.001260	0.024382	0.004001	-17.500000	0.000000	0.000000	1.000000	1.000000	1.156000	0.017811	-0.000000	0.087116	0.000000	-0.000000	0.832947	-0.553784
10.000000	24.764000	-9.197180	0.000000	0.000000	-9.139845	0.001098	0.023038	0.003997	-17.500000	0.000000	0.000000	1.000000	1.000000	1.156000	0.017786	-0.000000	0.086758	0.000000	-0.000000	0.827086	-0.562468
10.000000	24.864000	-8.825147	0.000000	0.000000	-8.766798	-0.000868	0.022894	0.004004	-17.500000	0.000000	0.000000	1.000000	1.000000	1.156000	0.016967	0.000000	0.086830	0.000000	-0.000000	0.821134	-0.571090
10.000000	24.964001	-8.462855	0.000000	0.000000	-8.405786	-0.001055	0.023123	0.003999	-17.500000	0.000000	0.000000	1.000000	1.000000	1.156000	0.016314	0.000000	0.086612	0.000000	-0.000000	0.815094	-0.579649
10.000000	25.063999	-8.110175	0.000000	0.000000	-8.052527	0.000413	0.022932	0.003995	-17.500000	0.000000	0.000000	1.000000	1.000000	1.156000	0.017532	-0.000000	0.086604	0.000000	-0.000000	0.808964	-0.588144
10.000000	25.164000	-7.766976	0.000000	0.000000	-7.708810	-0.000128	0.023158	0.004002	-17.500000	0.000000	0.000000	1.000000	1.000000	1.156000	0.017545	-0.000000	0.086605	0.000000	-0.000000	0.802747	-0.596575
10.000000	25.264000	-7.433124	0.000000	0.000000	-7.374835	0.001303	0.024691	0.003997	-17.500000	0.000000	0.000000	1.000000	1.000000	1.156000	0.016016	0.000000	0.086605	0.000000	-0.000000	0.796442	-0.604940
10.000000	25.364000	-7.108483	0.000000	0.000000	-7.052061	0.001084	0.020416	0.004004	-17.500000	0.000000	0.000000	1.000000	1.000000	1.156000	0.014641	0.000000	0.086605	0.000000	-0.000000	0.790051	-0.613238
10.000000	25.464001	-6.792913	0.000000	0.000000	-6.735639	-0.000497	0.022530	0.004000	-17.500000	0.000000	0.000000	1.000000	1.000000	1.156000	0.017920	-0.000000	0.086605	0.000000	-0.000000	0.783573	-0.621469
10.000000	25.563999	-6.486275	0.000000	0.000000	-6.432179	-0.000155	0.020508	0.003995	-17.500000	0.000000	0.000000	1.000000	1.000000	1.156000	0.016660	-0.000000	0.086605	0.000000	-0.000000	0.777010	-0.629632
10.000000	25.664000	-6.188426	0.000000	0.000000	-6.133882	0.000940	0.021539	0.004002	-17.500000	0.000000	0.000000	1.000000	1.000000	1.156000	0.016927	0.000000	0.086605	0.000000	-0.000000	0.770363	-0.637726
10.000000	25.764000	-5.899221	0.000000	0.000000	-5.844974	0.000963	0.019734	0.003998	-17.500000	0.000000	0.000000	1.000000	1.000000	1.156000	0.015811	0.000000	0.086605	0.000000	-0.000000	0.763632	-0.645750
10.000000	25.864000	-5.618516	0.000000	0.000000	-5.564782	-0.000256	0.022688	0.004005	-17.500000	0.000000	0.000000	1.000000	1.000000	1.156000	0.017842	-0.000000	0.086605	0.000000	-0.000000	0.756817	-0.653703
10.000000	25.964001	-5.346166	0.000000	0.000000	-5.292260	0.000812	0.019205	0.004000	-17.500000	0.000000	0.000000	1.000000	1.000000	1.156000	0.017654	-0.000000	0.086605	0.000000	-0.000000	0.749920	-0.661584
10.000000	26.063999	-5.082022	0.000000	0.000000	-5.032562	-0.001994	0.019821	0.003996	-17.500000	0.000000	0.000000	1.000000	1.000000	1.156000	0.017604	0.000000	0.086605	0.000000	-0.000000	0.742942	-0.669393
10.000000	26.164000	-4.825937	0.000000	0.000000	-4.773545	-0.000015	0.020331	0.004003	-17.500000	0.000000	0.000000	1.000000	1.000000	1.156000	0.015629	0.000000	0.086605	0.000000	-0.000000	0.735882	-0.677128
10.000000	26.264000	-4.577762	0.000000	0.000000	-4.526466	0.000049	0.018972	0.003998	-17.500000	0.000000	0.000000	1.000000	1.000000	1.156000	0.015676	-0.000000	0.086605	0.000000	-0.000000	0.728743	-0.684789
10.000000	26.364000	-4.337350	0.000000	0.000000	-4.287446	-0.001088	0.018073	0.004005	-17.500000	0.000000	0.000000	1.000000	1.000000	1.156000	0.015922	-0.000000	0.086605	0.000000	-0.000000	0.721524	-0.692375
10.000000	26.464001	-4.104550	0.000000	0.000000	-4.053950	0.000343	0.018145	0.004001	-17.500000	0.000000	0.000000	1.000000	1.000000	1.156000	0.017615	0.000000	0.086605	0.000000	-0.000000	0.714226	-0.699885
10.000000	26.563999	-3.879215	0.000000	0.000000	-3.825421	0.000815	0.022670	0.003996	-17.500000	0.000000	0.000000	1.000000	1.000000	1.156000	0.017640	0.000000	0.086605	0.000000	-0.000000	0.706851	-0.707318
10.000000	26.664000	-3.661194	0.000000	0.000000	-3.611769	-0.000525	0.016442	0.004003	-17.500000	0.000000	0.000000	1.000000	1.000000	1.156000	0.017639	-0.000000	0.086605	0.000000	-0.000000	0.699398	-0.714674
10.000000	26.764000	-3.450341	0.000000	0.000000	-3.401498	-0.000094	0.018694	0.003999	-17.500000	0.000000	0.000000	1.000000	1.000000	1.156000	0.017638	-0.000000	0.086605	0.000000	-0.000000	0.691869	-0.721951
10.000000	26.864000	-3.246505	0.000000	0.000000	-3.198354	-0.000906	0.018296	0.004006	-17.500000	0.000000	0.000000	1.000000	1.000000	1.156000	0.015832	0.000000	0.086605	0.000000	-0.000000	0.684265	-0.729149
10.000000	26.964001	-3.049541	0.000000	0.000000	-3.001526	0.001086	0.017591	0.004001	-17.500000	0.000000	0.000000	1.000000	1.000000	1.156000	0.017347	0.000000	0.086605	0.000000	-0.000000	0.676587	-0.736268
10.000000	27.063999	-2.859301	0.000000	0.000000	-2.813610	-0.001457	0.015029	0.003997	-17.500000	0.000000	0.000000	1.000000	1.000000	1.156000	0.017665	-0.000000	0.086605	0.000000	-0.000000	0.668834	-0.743305
10.000000	27.164000	-2.675638	0.000000	0.000000	-2.626586	0.000432	0.018538	0.004004	-17.500000	0.000000	0.000000	1.000000	1.000000	1.156000	0.017627	-0.000000	0.086605	0.000000	-0.000000	0.661009	-0.750262
10.000000	27.264000	-2.498406	0.000000	0.000000	-2.452837	-0.000151	0.016950	0.003999	-17.500000	0.000000	0.000000	1.000000	1.000000	1.156000	0.017636	0.000000	0.086605	0.000000	-0.000000	0.653111	-0.757136
10.000000	27.364000	-2.327462	0.000000	0.000000	-2.281077	-0.000133	0.017281	0.003994	-17.500000	0.000000	0.000000	1.000000	1.000000	1.156000	0.016406	0.000000	0.086605	0.000000	-0.000000	0.645143	-0.763927
10.000000	27.464001	-2.162662	0.000000	0.000000	-2.119530	-0.000873	0.012780	0.004002	-17.500000	0.000000	0.000000	1.000000	1.000000	1.156000	0.017574	-0.000000	0.086605	0.000000	-0.000000	0.637104	-0.770634
10.000000	27.563999	-2.003863	0.000000	0.000000	-1.960141	0.000163	0.016308	0.003997	-17.500000	0.000000	0.000000	1.000000	1.000000	1.156000	0.017620	-0.000000	0.086605	0.000000	-0.000000	0.628995	-0.777257
10.000000	27.664000	-1.850924	0.000000	0.000000	-1.807390	-0.000515	0.017301	0.004004	-17.500000	0.000000	0.000000	1.000000	1.000000	1.156000	0.017635	0.000000	0.086605	0.000000	-0.000000	0.620818	-0.783795
10.000000	27.764000	-1.703705	0.000000	0.000000	-1.659476	0.001263	0.017216	0.004000	-17.500000	0.000000	0.000000	1.000000	1.000000	1.156000	0.016071	0.000000	0.086605	0.000000	-0.000000	0.612574	-0.790247
10.000000	27.864000	-1.562067	0.000000	0.000000	-1.520196	-0.000708	0.017185	0.003995	-17.500000	0.000000	0.000000	1.000000	1.000000	1.156000	0.015874	-0.000000	0.086605	0.000000	-0.000000	0.604262	-0.796612
10.000000	27.964001	-1.425874	0.000000	0.000000	-1.386810	-0.000793	0.012267	0.004002	-17.500000	0.000000	0.000000	1.000000	1.000000	1.156000	0.014710	-0.000000	0.086605	0.000000	-0.000000	0.595884	-0.802891
10.000000	28.063999	-1.294989	0.000000	0.000000	-1.253852	0.000954	0.013559	0.003997	-17.500000	0.000000	0.000000	1.000000	1.000000	1.156000	0.017019	0.000000	0.086605	0.000000	-0.000000	0.587442	-0.809081
10.000000	28.164000	-1.169278	0.000000	0.000000	-1.127745	-0.001048	0.015464	0.004005	-17.500000	0.000000	0.000000	1.000000	1.000000	1.156000	0.016327	0.000000	0.086605	0.000000	-0.000000	0.578935	-0.815183
10.000000	28.264000	-1.048609	0.000000	0.000000	-1.008562	0.001250	0.012699	0.004000	-17.500000	0.000000	0.000000	1.000000	1.000000	1.156000	0.015627	-0.000000	0.086605	0.000000	-0.000000	0.570365	-0.821195
10.000000	28.364000	-0.932850	0.000000	0.000000	-0.896976	-0.000228	0.012544	0.003995	-17.500000	0.000000	0.000000	1.000000	1.000000	1.156000	0.017126	-0.000000	0.086605	0.000000	-0.000000	0.561733	-0.827118
10.000000	28.464001	-0.821873	0.000000	0.000000	-0.782545	-0.000590	0.015135	0.004003	-17.500000	0.000000	0.000000	1.000000	1.000000	1.156000	0.015647	0.000000	0.086605	0.000000	-0.000000	0.553040	-0.832950
10.000000	28.563999	-0.715550	0.000000	0.000000	-0.677071	-0.001163	0.014153	0.003998	-17.500000	0.000000	0.000000	1.000000	1.000000	1.156000	0.016238	0.000000	0.086605	0.000000	-0.000000	0.544286	-0.838690
10.000000	28.664000	-0.613755	0.000000	0.000000	-0.573605	-0.000167	0.014672	0.004005	-17.500000	0.000000	0.000000	1.000000	1.000000	1.156000	0.017559	-0.000000	0.086605	0.000000	-0.000000	0.535473	-0.844339
10.000000	28.764000	-0.516364	0.000000	0.000000	-0.479319	-0.000308	0.013935	0.004001	-17.500000	0.000000	0.000000	1.000000	1.000000	1.156000	0.015509	-0.000000	0.086605	0.000000	-0.000000	0.526601	-0.849896
10.000000	28.864000	-0.423255	0.000000	0.000000	-0.385547	-0.000447	0.012083	0.003996	-17.500000	0.000000	0.000000	1.000000	1.000000	1.156000	0.015751	0.000000	0.086605	0.000000	-0.000000	0.517672	-0.855359
10.000000	28.964001	-0.334308	0.000000	0.000000	-0.297084	0.000648	0.013968	0.004003	-17.500000	0.000000	0.000000	1.000000	1.000000	1.156000	0.016298	0.000000	0.086605	0.000000	-0.000000	0.508686	-0.860729
10.000000	29.063999	-0.249403	0.000000	0.000000	-0.214291	0.000474	0.009389	0.003998	-17.500000	0.000000	0.000000	1.000000	1.000000	1.156000	0.014605	-0.000000	0.086605	0.000000	-0.000000	0.499645	-0.866005
10.000000	29.164000	-0.168426	0.000000	0.000000	-0.131943	0.000460	0.010092	0.004006	-17.500000	0.000000	0.000000	1.000000	1.000000	1.156000	0.014502	-0.000000	0.086605	0.000000	-0.000000	0.490549	-0.871185
10.000000	29.264000	-0.091261	0.000000	0.000000	-0.058551	0.000870	0.006880	0.004001	-17.500000	0.000000	0.000000	1.000000	1.000000	1.156000	0.015870	0.000000	0.086605	0.000000	-0.000000	0.481400	-0.876271
10.000000	29.364000	-0.017795	0.000000	0.000000	0.017454	-0.000776	0.010431	0.003996	-17.500000	0.000000	0.000000	1.000000	1.000000	1.156000	0.015646	0.000000	0.086605	0.000000	-0.000000	0.472198	-0.881260
11.000000	0.076000	-0.000000	0.000000	-0.000272	0.011818	0.000690	0.005701	0.004000	0.000000	0.000000	-15.000000	1.000000	3.000000	0.076000	0.017664	0.000000	0.086605	-0.094972	-0.000000	-0.042459	-0.998901
11.000000	0.176000	-0.000000	0.000000	-0.011040	0.007872	-0.001937	0.001832	0.004000	0.000000	0.000000	-15.000000	1.000000	3.000000	0.176000	0.015505	0.000000	0.086605	-0.478263	-0.000000	-0.052915	-0.998403
11.000000	0.276000	-0.000000	0.000000	-0.058643	0.009355	-0.001224	-0.016431	0.004000	0.000000	0.000000	-15.000000	1.000000	3.000000	0.276000	0.016878	-0.000000	0.086605	-1.080122	-0.000000	-0.063365	-0.997797
11.000000	0.376000	-0.000000	0.000000	-0.165501	0.013075	-0.000377	-0.072986	0.004000	0.000000	0.000000	-15.000000	1.000000	3.000000	0.376000	0.015478	-0.000000	0.086605	-1.833638	-0.000000	-0.073808	-0.997080
11.000000	0.476000	-0.000000	0.000000	-0.347039	0.013432	-0.000241	-0.204481	0.004000	0.000000	0.000000	-15.000000	1.000000	3.000000	0.476000	0.015114	0.000000	0.086605	-2.685141	-0.000000	-0.084244	-0.996255
11.000000	0.576000	-0.000000	0.000000	-0.613260	0.015050	0.000910	-0.423274	0.004000	0.000000	0.000000	-15.000000	1.000000	3.000000	0.576000	0.017630	0.000000	0.086605	-3.592093	-0.000000	-0.094670	-0.995320
11.000000	0.676000	-0.000000	0.000000	-0.969873	0.011602	-0.001001	-0.738057	0.004000	0.000000	0.000000	-15.000000	1.000000	3.000000	0.676000	0.016075	-0.000000	0.086605	-4.521253	-0.000000	-0.105086	-0.994276
11.000000	0.776000	-0.000000	0.000000	-1.419231	0.013985	0.000673	-1.150974	0.004000	0.000000	0.000000	-15.000000	1.000000	3.000000	0.776000	0.013946	-0.000000	0.086605	-5.447105	-0.000000	-0.115490	-0.993123
11.000000	0.876000	-0.000000	0.000000	-1.961103	0.014745	0.001324	-1.659817	0.004000	0.000000	0.000000	-15.000000	1.000000	3.000000	0.876000	0.015871	0.000000	0.086605	-6.350502	-0.000000	-0.125882	-0.991862
11.000000	0.976000	-0.000000	0.000000	-2.593324	0.014618	-0.000773	-2.267037	0.004000	0.000000	0.000000	-15.000000	1.000000	3.000000	0.976000	0.016068	0.000000	0.086605	-7.217503	-0.000000	-0.136260	-0.990492
11.000000	1.076000	-0.000000	0.000000	-3.312313	0.016980	0.000529	-2.966944	0.004000	0.000000	0.000000	-15.000000	1.000000	3.000000	1.076000	0.015867	-0.000000	0.086605	-8.038392	-0.000000	-0.146623	-0.989013
11.000000	1.176000	-0.000000	0.000000	-4.113500	0.011301	0.001156	-3.760991	0.004000	0.000000	0.000000	-15.000000	1.000000	3.000000	1.176000	0.016108	-0.000000	0.086605	-8.806847	-0.000000	-0.156970	-0.987425
11.000000	1.276000	-0.000000	0.000000	-4.991673	0.009859	0.001403	-4.633999	0.004000	0.000000	0.000000	-15.000000	1.000000	3.000000	1.276000	0.017485	0.000000	0.086605	-9.519235	-0.000000	-0.167300	-0.985730
11.000000	1.376000	-0.000000	0.000000	-5.941246	0.007339	0.001793	-5.581912	0.004000	0.000000	0.000000	-15.000000	1.000000	3.000000	1.376000	0.037063	0.000000	0.095797	-10.174027	-0.000000	-0.177612	-0.983926
11.000000	1.476000	-0.000000	0.000000	-6.959496	0.005421	0.000455	-6.599571	0.004000	0.000000	0.000000	-15.000000	1.000000	3.000000	1.476000	0.046325	-0.000000	0.102022	-10.771317	-0.000000	-0.187905	-0.982014
11.000000	1.576000	-0.000000	0.000000	-8.042768	0.001000	0.001616	-7.686747	0.004000	0.000000	0.000000	-15.000000	1.000000	3.000000	1.576000	0.046990	-0.000000	0.102354	-11.312413	-0.000000	-0.198176	-0.979995
11.000000	1.676000	-0.000000	0.000000	-9.180144	-0.003927	0.000177	-8.837478	0.004000	0.000000	0.000000	-15.000000	1.000000	3.000000	1.676000	0.047051	0.000000	0.102381	-11.799513	-0.000000	-0.208426	-0.977869
11.000000	1.776000	-0.000000	0.000000	-10.366376	-0.006237	0.001872	-10.029766	0.004000	0.000000	0.000000	-15.000000	1.000000	3.000000	1.776000	0.047055	0.000000	0.102381	-12.235436	-0.000000	-0.218654	-0.975635
11.000000	1.876000	-0.000000	0.000000	-11.596366	-0.013207	0.000399	-11.273936	0.004000	0.000000	0.000000	-15.000000	1.000000	3.000000	1.876000	0.047056	-0.000000	0.102381	-12.623410	-0.000000	-0.228857	-0.973294
11.000000	1.976000	-0.000000	0.000000	-12.865311	-0.014117	0.000781	-12.552851	0.004000	0.000000	0.000000	-15.000000	1.000000	3.000000	1.976000	0.047056	-0.000000	0.102382	-12.966901	-0.000000	-0.239036	-0.970846
11.000000	2.076000	-0.000000	0.000000	-14.168752	-0.020294	0.002300	-13.868104	0.004000	0.000000	0.000000	-15.000000	1.000000	3.000000	2.076000	0.047056	0.000000	0.102382	-13.269477	-0.000000	-0.249188	-0.968292
11.000000	2.176000	-0.000000	0.000000	-15.502586	-0.026434	0.000949	-15.213778	0.004000	0.000000	0.000000	-15.000000	1.000000	3.000000	2.176000	0.047056	0.000000	0.102382	-13.534709	-0.000000	-0.259313	-0.965632
11.000000	2.276000	-0.000000	0.000000	-16.863070	-0.033536	0.000226	-16.585552	0.004000	0.000000	0.000000	-15.000000	1.000000	3.000000	2.276000	0.047056	-0.000000	0.102382	-13.766093	-0.000000	-0.269410	-0.962866
11.000000	2.376000	-0.000000	0.000000	-18.246805	-0.032800	0.001777	-17.975309	0.004000	0.000000	0.000000	-15.000000	1.000000	3.000000	2.376000	0.047056	-0.000000	0.102382	-13.966991	-0.000000	-0.279477	-0.959995
11.000000	2.476000	-0.000000	0.000000	-19.650734	-0.039721	0.001341	-19.388021	0.004000	0.000000	0.000000	-15.000000	1.000000	3.000000	2.476000	0.047056	0.000000	0.102382	-14.140594	-0.000000	-0.289514	-0.957018
11.000000	2.576000	-0.000000	0.000000	-21.072117	-0.044903	0.001960	-20.814510	0.004000	0.000000	0.000000	-15.000000	1.000000	3.000000	2.576000	0.047056	0.000000	0.102381	-14.289892	-0.000000	-0.299518	-0.953936
11.000000	2.676000	-0.000000	0.000000	-22.508514	-0.049592	0.001265	-22.255329	0.004000	0.000000	0.000000	-15.000000	1.000000	3.000000	2.676000	0.047056	-0.000000	0.102381	-14.417664	-0.000000	-0.309491	-0.950750
11.000000	2.776000	-0.000000	0.000000	-23.957762	-0.050606	0.000639	-23.705189	0.004000	0.000000	0.000000	-15.000000	1.000000	3.000000	2.776000	0.058054	-0.000000	0.102381	-14.526465	-0.000000	-0.319429	-0.947459
11.000000	2.876000	0.024533	0.000000	-25.417955	-0.057879	-0.000583	-25.169266	0.004000	0.000000	0.000000	-15.000000	1.000000	3.000000	2.808000	0.254518	0.020618	0.102382	-14.618631	-0.000000	-0.329332	-0.944065
11.000000	2.976000	0.505315	0.000000	-26.887424	0.073069	0.001357	-26.598320	0.004000	0.000000	0.000000	-15.000000	1.000000	3.000000	2.808000	0.415782	0.018719	0.102382	-14.696280	-0.000000	-0.339200	-0.940566
11.000000	3.076000	1.519386	0.000000	-28.364710	0.705065	0.001174	-28.077833	0.004000	0.000000	0.000000	-15.000000	1.000000	3.000000	2.808000	0.437006	0.028072	0.102382	-14.761317	-0.000000	-0.349030	-0.936965
11.000000	3.176000	2.643293	0.000000	-29.848541	1.824816	-0.000116	-29.584179	0.004000	0.000000	0.000000	-15.000000	1.000000	3.000000	2.808000	0.435649	0.027517	0.102382	-14.815454	-0.000000	-0.358822	-0.933261
11.000000	3.276000	3.761329	0.000000	-31.337818	3.084692	0.001915	-31.052166	0.004000	0.000000	0.000000	-15.000000	1.000000	3.000000	2.808000	0.412241	0.027944	0.098534	-14.860212	-0.000000	-0.368574	-0.929455
11.000000	3.376000	4.791308	0.000000	-32.827072	4.294465	-0.000017	-32.522743	0.004000	0.000000	0.000000	-15.000000	1.000000	3.000000	2.808000	0.291390	0.040621	-0.040186	-14.896940	-0.000000	-0.378287	-0.925547
11.000000	3.476000	5.446329	0.000000	-34.263329	5.317300	0.000845	-33.998783	0.004000	0.000000	0.000000	-15.000000	1.000000	3.000000	2.808000	0.129841	0.098697	-0.367809	-14.926828	-0.000000	-0.387958	-0.921537
11.000000	3.576000	5.598767	0.035169	-34.908848	5.875985	0.002865	-35.321850	0.004000	0.000000	0.000000	-15.000000	1.000000	3.000000	2.808000	0.044999	0.129020	-0.735509	-14.950920	-0.000000	-0.397586	-0.917426
11.000000	3.676000	5.593902	0.112730	-34.344639	5.981558	0.061983	-35.664577	0.004000	0.000000	0.000000	-15.000000	1.000000	3.000000	2.808000	0.046841	0.030136	-0.882901	-14.970125	-0.000000	-0.407171	-0.913215
11.000000	3.776000	5.593374	0.117601	-33.249138	5.931901	0.123905	-34.753056	0.004000	0.000000	0.000000	-15.000000	1.000000	3.000000	2.808000	0.046569	0.027607	-0.840263	-14.985235	-0.000000	-0.416711	-0.908903
11.000000	3.876000	5.593444	0.116854	-32.255531	5.862961	0.133468	-33.384651	0.004000	0.000000	0.000000	-15.000000	1.000000	3.000000	2.808000	0.035205	0.027496	-0.811044	-14.996936	-0.000000	-0.426206	-0.904492
11.000000	3.976000	5.593441	0.116882	-31.370344	5.807357	0.132382	-32.180607	0.004000	0.000000	0.000000	-15.000000	1.000000	3.000000	2.808000	0.026365	0.027468	-0.804582	-15.005816	-0.000000	-0.435654	-0.899982
11.000000	4.076000	5.593441	0.116884	-30.499641	5.762772	0.129951	-31.134954	0.004000	0.000000	0.000000	-15.000000	1.000000	3.000000	2.808000	0.029247	0.025617	-0.878881	-15.012378	-0.000000	-0.445054	-0.895373
11.000000	4.176000	5.593441	0.116884	-29.440332	5.725456	0.127639	-30.106993	0.004000	0.000000	0.000000	-15.000000	1.000000	3.000000	2.808000	0.025147	0.028400	-0.897759	-15.017055	-0.000000	-0.454406	-0.890665
11.000000	4.276000	5.593441	0.116884	-28.284664	5.689540	0.124747	-28.886410	0.004000	0.000000	0.000000	-15.000000	1.000000	3.000000	2.808000	0.024645	0.027532	-0.897543	-15.020209	-0.000000	-0.463707	-0.885860
11.000000	4.376000	5.593441	0.116884	-27.127663	5.660778	0.126819	-27.597099	0.004000	0.000000	0.000000	-15.000000	1.000000	3.000000	2.808000	0.025431	0.027468	-0.897541	-15.022150	-0.000000	-0.472958	-0.880958
11.000000	4.476000	5.593441	0.116884	-25.971432	5.636120	0.123956	-26.326406	0.004000	0.000000	0.000000	-15.000000	1.000000	3.000000	2.808000	0.028613	0.027464	-0.897544	-15.023134	-0.000000	-0.482157	-0.875959
11.000000	4.576000	5.593441	0.116884	-24.815266	5.614447	0.122702	-25.082907	0.004000	0.000000	0.000000	-15.000000	1.000000	3.000000	2.808000	0.023495	0.027465	-0.897545	-15.023377	-0.000000	-0.491304	-0.870864
11.000000	4.676000	5.593441	0.116884	-23.659128	5.602878	0.120852	-23.855217	0.004000	0.000000	0.000000	-15.000000	1.000000	3.000000	2.808000	0.023844	0.027465	-0.897543	-15.023055	-0.000000	-0.500396	-0.865674
11.000000	4.776000	5.593441	0.116884	-22.502964	5.584518	0.119549	-22.649179	0.004000	0.000000	0.000000	-15.000000	1.000000	3.000000	2.808000	0.025729	0.027465	-0.897541	-15.022316	-0.000000	-0.509434	-0.860388
11.000000	4.876000	5.593441	0.116884	-21.346729	5.577727	0.120596	-21.447102	0.004000	0.000000	0.000000	-15.000000	1.000000	3.000000	2.808000	0.022843	0.027464	-0.897538	-15.021278	-0.000000	-0.518416	-0.855009
11.000000	4.976000	5.593441	0.116884	-20.190392	5.567621	0.118947	-20.259703	0.004000	0.000000	0.000000	-15.000000	1.000000	3.000000	2.808000	0.021734	0.027464	-0.897538	-15.020038	-0.000000	-0.527341	-0.849535
11.000000	5.076000	5.593441	0.116884	-19.033930	5.561101	0.119029	-19.079552	0.004000	0.000000	0.000000	-15.000000	1.000000	3.000000	2.808000	0.023450	0.027464	-0.897540	-15.018671	-0.000000	-0.536208	-0.843968
11.000000	5.176000	5.593441	0.116884	-17.877335	5.556275	0.117473	-17.903336	0.004000	0.000000	0.000000	-15.000000	1.000000	3.000000	2.808000	0.023624	0.027465	-0.897543	-15.017239	-0.000000	-0.545017	-0.838309
11.000000	5.276000	5.593441	0.116884	-16.720594	5.550791	0.116621	-16.733891	0.004000	0.000000	0.000000	-15.000000	1.000000	3.000000	2.808000	0.024535	0.027465	-0.897543	-15.015788	-0.000000	-0.553766	-0.832558
11.000000	5.376000	5.593441	0.116884	-15.563710	5.550100	0.117514	-15.565310	0.004000	0.000000	0.000000	-15.000000	1.000000	3.000000	2.808000	0.021364	0.027465	-0.897541	-15.014355	-0.000000	-0.562454	-0.826715
11.000000	5.476000	5.593441	0.116884	-14.406682	5.547065	0.118380	-14.447975	0.004000	0.000000	0.000000	-15.000000	1.000000	3.000000	2.808000	0.022727	0.027464	-0.897538	-15.012966	-0.000000	-0.571080	-0.820782
11.000000	5.576000	5.593441	0.116884	-13.249515	5.544896	0.117510	-13.238564	0.004000	0.000000	0.000000	-15.000000	1.000000	3.000000	2.808000	0.023690	0.027464	-0.897538	-15.011641	-0.000000	-0.579644	-0.814759
11.000000	5.676000	5.593441	0.116884	-12.092216	5.544694	0.115935	-12.077672	0.004000	0.000000	0.000000	-15.000000	1.000000	3.000000	2.808000	0.023545	0.027464	-0.897540	-15.010390	-0.000000	-0.588145	-0.808646
11.000000	5.776000	5.593441	0.116884	-10.934792	5.546189	0.118472	-10.916718	0.004000	0.000000	0.000000	-15.000000	1.000000	3.000000	2.808000	0.023529	0.027465	-0.897543	-15.009225	-0.000000	-0.596581	-0.802445
11.000000	5.876000	5.593441	0.116884	-9.777250	5.544716	0.116356	-9.760597	0.004000	0.000000	0.000000	-15.000000	1.000000	3.000000	2.808000	0.021965	0.027465	-0.897543	-15.008148	-0.000000	-0.604951	-0.796155
11.000000	5.976000	5.593441	0.116884	-8.619601	5.543669	0.117270	-8.602665	0.004000	0.000000	0.000000	-15.000000	1.000000	3.000000	2.808000	0.022097	0.027465	-0.897540	-15.007162	-0.000000	-0.613256	-0.789778
11.000000	6.076000	5.593441	0.116884	-7.461853	5.545822	0.117039	-7.443439	0.004000	0.000000	0.000000	-15.000000	1.000000	3.000000	2.808000	0.023516	0.027464	-0.897537	-15.006264	-0.000000	-0.621493	-0.783315
11.000000	6.176000	5.593441	0.116884	-6.304014	5.545276	0.115636	-6.288383	0.004000	0.000000	0.000000	-15.000000	1.000000	3.000000	2.808000	0.022474	0.025297	-0.897538	-15.005452	-0.000000	-0.629662	-0.776766
11.000000	6.276000	5.593441	0.116884	-5.146094	5.545743	0.118400	-5.130871	0.004000	0.000000	0.000000	-15.000000	1.000000	3.000000	2.808000	0.023863	0.027316	-0.897541	-15.004724	-0.000000	-0.637762	-0.770131
11.000000	6.376000	5.593441	0.116884	-3.988101	5.546318	0.116537	-3.973906	0.004000	0.000000	0.000000	-15.000000	1.000000	3.000000	2.808000	0.021758	0.026371	-0.897543	-15.004073	-0.000000	-0.645792	-0.763412
11.000000	6.476000	5.593441	0.116884	-2.830044	5.545985	0.116127	-2.819449	0.004000	0.000000	0.000000	-15.000000	1.000000	3.000000	2.808000	0.022675	0.024465	-0.897542	-15.003495	-0.000000	-0.653751	-0.756609
11.000000	6.576000	5.593441	0.116884	-1.671927	5.547649	0.118017	-1.662309	0.004000	0.000000	0.000000	-15.000000	1.000000	3.000000	2.808000	0.023460	0.027706	-0.897539	-15.002984	-0.000000	-0.661639	-0.749724
11.000000	6.676000	5.593441	0.116884	-0.513760	5.546236	0.116580	-0.507377	0.004000	0.000000	0.000000	-15.000000	1.000000	3.000000	2.808000	0.023522	0.027491	-0.897537	-15.002535	-0.000000	-0.669454	-0.742756
11.000000	6.776000	5.593441	0.116884	0.644453	5.546349	0.116294	0.650168	0.004000	0.000000	0.000000	-15.000000	1.000000	3.000000	2.808000	0.023163	0.027467	-0.897539	-15.002142	-0.000000	-0.677195	-0.735706
11.000000	6.876000	5.593441	0.116884	1.802705	5.546079	0.117625	1.805961	0.004000	0.000000	0.000000	-15.000000	1.000000	3.000000	2.808000	0.021109	0.027464	-0.897541	-15.001801	-0.000000	-0.684863	-0.728576
11.000000	6.976000	5.593441	0.116884	2.960991	5.548079	0.118286	2.964556	0.004000	0.000000	0.000000	-15.000000	1.000000	3.000000	2.808000	0.021903	0.017352	-0.897543	-15.001504	-0.000000	-0.692455	-0.721366
11.000000	7.076000	5.593441	0.116884	4.119308	5.546189	0.117330	4.119302	0.004000	0.000000	0.000000	-15.000000	1.000000	3.000000	2.808000	0.023737	0.028443	-0.897542	-15.001247	-0.000000	-0.699972	-0.714077
11.000000	7.176000	5.593441	0.116884	5.277649	5.548501	0.116965	5.277134	0.004000	0.000000	0.000000	-15.000000	1.000000	3.000000	2.808000	0.021874	0.013475	-0.897539	-15.001028	-0.000000	-0.707412	-0.706709
11.000000	7.276000	5.593441	0.116884	6.436014	5.549873	0.116052	6.434471	0.004000	0.000000	0.000000	-15.000000	1.000000	3.000000	2.808000	0.023218	0.022170	-0.897538	-15.000840	-0.000000	-0.714774	-0.699264
11.000000	7.376000	5.593441	0.116884	7.594397	5.549139	0.117941	7.591106	0.004000	0.000000	0.000000	-15.000000	1.000000	3.000000	2.808000	0.021767	0.021923	-0.897539	-15.000681	-0.000000	-0.722058	-0.691742
11.000000	7.476000	5.593441	0.116884	8.752796	5.548156	0.118146	8.746439	0.004000	0.000000	0.000000	-15.000000	1.000000	3.000000	2.808000	0.023776	0.016974	-0.897542	-15.000546	-0.000000	-0.729262	-0.684144
11.000000	7.576000	5.593441	0.116884	9.911208	5.548291	0.117102	9.904050	0.004000	0.000000	0.000000	-15.000000	1.000000	3.000000	2.808000	0.023903	0.018358	-0.897543	-15.000433	-0.000000	-0.736387	-0.676471
11.000000	7.676000	5.593441	0.116884	11.069633	5.549584	0.117598	11.059935	0.004000	0.000000	0.000000	-15.000000	1.000000	3.000000	2.808000	0.021773	0.015583	-0.897541	-15.000339	-0.000000	-0.743431	-0.668724
11.000000	7.776000	5.593441	0.116884	12.228065	5.549517	0.116811	12.218786	0.004000	0.000000	0.000000	-15.000000	1.000000	3.000000	2.808000	0.021568	0.009930	-0.897539	-15.000259	-0.000000	-0.750394	-0.660904
11.000000	7.876000	5.593441	0.116884	13.386507	5.549004	0.117345	13.377043	0.004000	0.000000	0.000000	-15.000000	1.000000	3.000000	2.808000	0.019158	0.025335	-0.897537	-15.000195	-0.000000	-0.757274	-0.653011
11.000000	7.976000	5.593441	0.116884	14.544955	5.548087	0.116632	14.535554	0.004000	0.000000	0.000000	-15.000000	1.000000	3.000000	2.808000	0.023592	0.011841	-0.897539	-15.000142	-0.000000	-0.764071	-0.645047
11.000000	8.076000	5.593441	0.116884	15.703408	5.546080	0.117015	15.690622	0.004000	0.000000	0.000000	-15.000000	1.000000	3.000000	2.808000	0.021495	0.027402	-0.897542	-15.000099	-0.000000	-0.770785	-0.637011
11.000000	8.176000	5.593441	0.116884	16.861866	5.546514	0.117896	16.850029	0.004000	0.000000	0.000000	-15.000000	1.000000	3.000000	2.808000	0.024048	0.009116	-0.897543	-15.000065	-0.000000	-0.777414	-0.628906
11.000000	8.276000	5.593441	0.116884	18.020327	5.546317	0.117219	18.006638	0.004000	0.000000	0.000000	-15.000000	1.000000	3.000000	2.808000	0.021289	0.008208	-0.897541	-15.000037	-0.000000	-0.783958	-0.620732
11.000000	8.376000	5.593441	0.116884	19.178791	5.547520	0.117962	19.162071	0.004000	0.000000	0.000000	-15.000000	1.000000	3.000000	2.808000	0.020112	0.012158	-0.897538	-15.000015	-0.000000	-0.790415	-0.612489
11.000000	8.476000	5.593441	0.116884	20.337257	5.548244	0.117587	20.321199	0.004000	0.000000	0.000000	-15.000000	1.000000	3.000000	2.808000	0.020365	0.008147	-0.897537	-14.999999	-0.000000	-0.796786	-0.604180
11.000000	8.576000	5.593441	0.116884	21.495726	5.549129	0.118160	21.477440	0.004000	0.000000	0.000000	-15.000000	1.000000	3.000000	2.808000	0.017738	0.008011	-0.897540	-14.999987	-0.000000	-0.803070	-0.595804
11.000000	8.676000	5.593441	0.116884	22.654194	5.547660	0.118104	22.633497	0.004000	0.000000	0.000000	-15.000000	1.000000	3.000000	2.808000	0.015475	0.008657	-0.897543	-14.999978	-0.000000	-0.809266	-0.587363
11.000000	8.776000	5.593441	0.116884	23.812664	5.549805	0.119014	23.791096	0.004000	0.000000	0.000000	-15.000000	1.000000	3.000000	2.808000	0.017834	0.008288	-0.897543	-14.999971	-0.000000	-0.815373	-0.578857
11.000000	8.876000	5.593441	0.116884	24.971134	5.548631	0.118422	24.948412	0.004000	0.000000	0.000000	-15.000000	1.000000	3.000000	2.808000	0.017651	0.007880	-0.897540	-14.999968	-0.000000	-0.821391	-0.570288
11.000000	8.976000	5.593441	0.116884	26.129604	5.551269	0.119591	26.108103	0.004000	0.000000	0.000000	-15.000000	1.000000	3.000000	2.808000	0.017639	0.007846	-0.897538	-14.999965	-0.000000	-0.827318	-0.561657
11.000000	9.076000	5.593441	0.116884	27.288076	5.551281	0.119220	27.264193	0.004000	0.000000	0.000000	-15.000000	1.000000	3.000000	2.808000	0.018350	0.009839	-0.897538	-14.999964	-0.000000	-0.833155	-0.552963
11.000000	9.176000	5.593441	0.116884	28.446548	5.551251	0.117432	28.423136	0.004000	0.000000	0.000000	-15.000000	1.000000	3.000000	2.808000	0.018446	0.006044	-0.897541	-14.999964	-0.000000	-0.838901	-0.544209
11.000000	9.276000	5.593441	0.116884	29.605019	5.549703	0.117420	29.022520	0.004000	0.000000	0.000000	-15.000000	1.000000	3.000000	2.808000	0.015461	0.007510	-0.897543	-14.999965	-0.000000	-0.844554	-0.535396
11.000000	9.376000	5.593441	0.116884	30.763491	5.549703	0.117420	29.022520	0.004000	0.000000	0.000000	-15.000000	1.000000	3.000000	2.808000	0.013290	0.001718	-0.897543	-14.999966	-0.000000	-0.850115	-0.526523
11.000000	9.476000	5.593441	0.116884	31.921961	5.549703	0.117420	29.022520	0.004000	0.000000	0.000000	-15.000000	1.000000	3.000000	2.808000	-0.011259	0.000140	-0.897540	-14.999968	-0.000000	-0.855583	-0.517593
11.000000	9.576000	5.593441	0.116884	33.080433	5.549703	0.117420	29.022520	0.004000	0.000000	0.000000	-15.000000	1.000000	3.000000	2.808000	0.002560	0.000013	-0.897526	-14.999969	-0.000000	-0.860956	-0.508606
11.000000	9.676000	5.593441	0.116884	34.201221	5.549703	0.117420	29.022520	0.004000	0.000000	0.000000	-15.000000	1.000000	3.000000	2.808000	-0.024953	-0.000098	-0.527018	-14.999971	-0.000000	-0.866236	-0.499563
11.000000	9.776000	5.593441	0.116884	34.108871	5.549703	0.117420	29.022520	0.004000	0.000000	0.000000	-15.000000	1.000000	3.000000	2.808000	-0.053978	-0.042802	0.107598	-14.999974	-0.000000	-0.871420	-0.490465
11.000000	9.876000	5.593441	0.116884	32.628315	5.549703	0.117420	29.022520	0.004000	0.000000	0.000000	-15.000000	1.000000	3.000000	2.808000	-0.054592	-0.025822	0.103885	-14.999976	-0.000000	-0.876509	-0.481314
11.000000	9.976000	5.593441	0.116884	31.110277	5.549703	0.117420	29.022520	0.004000	0.000000	0.000000	-15.000000	1.000000	3.000000	2.808000	-0.051051	-0.021128	0.102520	-14.999978	-0.000000	-0.881502	-0.472110
11.000000	10.076000	5.593441	0.116884	29.602928	5.549703	0.117420	29.022520	0.004000	0.000000	0.000000	-15.000000	1.000000	3.000000	2.808000	-0.050991	-0.021441	0.102392	-14.999981	-0.000000	-0.886398	-0.462854
11.000000	10.176000	5.593441	0.116884	28.095011	5.549703	0.117420	29.022520	0.004000	0.000000	0.000000	-15.000000	1.000000	3.000000	2.808000	-0.051351	-0.015571	0.102382	-14.999983	-0.000000	-0.891197	-0.453547
11.000000	10.276000	5.593441	0.116884	26.587069	5.549703	0.117420	29.022520	0.004000	0.000000	0.000000	-15.000000	1.000000	3.000000	2.808000	-0.051351	-0.010135	0.102382	-14.999985	-0.000000	-0.895898	-0.444190
11.000000	10.376000	5.593441	0.116884	25.079132	5.549703	0.117420	29.022520	0.004000	0.000000	0.000000	-15.000000	1.000000	3.000000	2.808000	-0.053073	-0.011882	0.102382	-14.999987	-0.000000	-0.900501	-0.434785
11.000000	10.476000	5.593441	0.116884	23.571194	5.549703	0.117420	29.022520	0.004000	0.000000	0.000000	-15.000000	1.000000	3.000000	2.808000	-0.049166	-0.011977	0.102382	-14.999988	-0.000000	-0.905006	-0.425332
11.000000	10.576000	5.593441	0.116884	22.063257	5.549703	0.117420	29.022520	0.004000	0.000000	0.000000	-15.000000	1.000000	3.000000	2.808000	-0.042819	-0.013650	0.102382	-14.999990	-0.000000	-0.909411	-0.415832
11.000000	10.676000	5.593441	0.116884	20.555319	5.549703	0.117420	29.022520	0.004000	0.000000	0.000000	-15.000000	1.000000	3.000000	2.808000	-0.039208	-0.011529	0.102382	-14.999990	-0.000000	-0.913716	-0.406287
11.000000	10.776000	5.593441	0.116884	19.047380	5.549703	0.117420	29.022520	0.004000	0.000000	0.000000	-15.000000	1.000000	3.000000	2.808000	-0.040261	-0.014336	0.102382	-14.999992	-0.000000	-0.917921	-0.396697
11.000000	10.876000	5.593441	0.116884	17.539442	5.549703	0.117420	29.022520	0.004000	0.000000	0.000000	-15.000000	1.000000	3.000000	2.808000	-0.040113	-0.012487	0.102382	-14.999993	-0.000000	-0.922025	-0.387063
11.000000	10.976000	5.593441	0.116884	16.031506	5.549703	0.117420	29.022520	0.004000	0.000000	0.000000	-15.000000	1.000000	3.000000	2.808000	-0.038434	-0.013886	0.102381	-14.999994	-0.000000	-0.926029	-0.377387
11.000000	11.076000	5.593441	0.116884	14.523566	5.549703	0.117420	29.022520	0.004000	0.000000	0.000000	-15.000000	1.000000	3.000000	2.808000	-0.037795	-0.012351	0.102381	-14.999995	-0.000000	-0.929930	-0.367670
11.000000	11.176000	5.593441	0.116884	13.015629	5.549703	0.117420	29.022520	0.004000	0.000000	0.000000	-15.000000	1.000000	3.000000	2.808000	-0.040377	-0.009648	0.102381	-14.999995	-0.000000	-0.933730	-0.357912
11.000000	11.276000	5.593441	0.116884	11.507690	5.549703	0.117420	29.022520	0.004000	0.000000	0.000000	-15.000000	1.000000	3.000000	2.808000	-0.039316	-0.010374	0.102381	-14.999996	-0.000000	-0.937428	-0.348115
11.000000	11.376000	5.593441	0.116884	9.999751	5.549703	0.117420	29.022520	0.004000	0.000000	0.000000	-15.000000	1.000000	3.000000	2.808000	-0.038547	-0.010910	0.102381	-14.999997	-0.000000	-0.941022	-0.338280
11.000000	11.476000	5.593441	0.116884	8.491813	5.549703	0.117420	29.022520	0.004000	0.000000	0.000000	-15.000000	1.000000	3.000000	2.808000	-0.038385	-0.010596	0.102381	-14.999997	-0.000000	-0.944513	-0.328408
11.000000	11.576000	5.593441	0.116884	6.983874	5.549703	0.117420	29.022520	0.004000	0.000000	0.000000	-15.000000	1.000000	3.000000	2.808000	-0.037324	-0.012700	0.102381	-14.999998	-0.000000	-0.947901	-0.318500
11.000000	11.676000	5.593441	0.116884	5.475936	5.549703	0.117420	29.022520	0.004000	0.000000	0.000000	-15.000000	1.000000	3.000000	2.808000	-0.040630	-0.010705	0.102381	-14.999998	-0.000000	-0.951185	-0.308556
11.000000	11.776000	5.593441	0.116884	3.967997	5.549703	0.117420	29.022520	0.004000	0.000000	0.000000	-15.000000	1.000000	3.000000	2.808000	-0.037672	-0.008840	0.102381	-14.999998	-0.000000	-0.954365	-0.298579
11.000000	11.876000	5.593441	0.116884	2.460059	5.549703	0.117420	29.022520	0.004000	0.000000	0.000000	-15.000000	1.000000	3.000000	2.808000	-0.039586	-0.014068	0.102382	-14.999999	-0.000000	-0.957440	-0.288569
11.000000	11.976000	5.593441	0.116884	0.952120	5.549703	0.117420	29.022520	0.004000	0.000000	0.000000	-15.000000	1.000000	3.000000	2.808000	-0.037556	-0.011752	0.102382	-14.999999	-0.000000	-0.960409	-0.278528
11.000000	12.076000	5.593441	0.116884	-0.555819	5.549703	0.117420	29.022520	0.004000	0.000000	0.000000	-15.000000	1.000000	3.000000	2.808000	-0.039465	-0.011731	0.102382	-14.999999	-0.000000	-0.963274	-0.268456
11.000000	12.176000	5.593441	0.116884	-2.063757	5.549703	0.117420	29.022520	0.004000	0.000000	0.000000	-15.000000	1.000000	3.000000	2.808000	-0.037075	-0.010198	0.102382	-14.999999	-0.000000	-0.966033	-0.258354
11.000000	12.276000	5.593441	0.116884	-3.571696	5.549703	0.117420	29.022520	0.004000	0.000000	0.000000	-15.000000	1.000000	3.000000	2.808000	-0.037719	-0.011215	0.102382	-14.999999	-0.000000	-0.968686	-0.248224
11.000000	12.376000	5.593441	0.116884	-5.079635	5.549703	0.117420	29.022520	0.004000	0.000000	0.000000	-15.000000	1.000000	3.000000	2.808000	-0.037709	-0.009787	0.102382	-15.000000	-0.000000	-0.971233	-0.238067
11.000000	12.476000	5.593441	0.116884	-6.587574	5.549703	0.117420	29.022520	0.004000	0.000000	0.000000	-15.000000	1.000000	3.000000	2.808000	-0.039174	-0.012095	0.102382	-15.000000	-0.000000	-0.973673	-0.227884
11.000000	12.576000	5.593441	0.116884	-8.095512	5.549703	0.117420	29.022520	0.004001	0.000000	0.000000	-15.000000	1.000000	3.000000	2.808000	-0.037406	-0.012442	0.102382	-15.000000	-0.000000	-0.976006	-0.217675
11.000000	12.676000	5.593441	0.116884	-9.603451	5.549703	0.117420	29.022520	0.004000	0.000000	0.000000	-15.000000	1.000000	3.000000	2.808000	-0.036790	-0.013919	0.102382	-15.000000	-0.000000	-0.978233	-0.207443
11.000000	12.776000	5.593441	0.116884	-11.111390	5.549703	0.117420	29.022520	0.004000	0.000000	0.000000	-15.000000	1.000000	3.000000	2.808000	-0.038763	-0.011523	0.102382	-15.000000	-0.000000	-0.980352	-0.197188
11.000000	12.876000	5.593441	0.116884	-12.619328	5.549703	0.117420	29.022520	0.004000	0.000000	0.000000	-15.000000	1.000000	3.000000	2.808000	-0.039178	-0.011706	0.102382	-15.000000	-0.000000	-0.982364	-0.186911
11.000000	12.976000	5.593441	0.116884	-14.127267	5.549703	0.117420	29.022520	0.004000	0.000000	0.000000	-15.000000	1.000000	3.000000	2.808000	-0.038505	-0.011662	0.102382	-15.000000	-0.000000	-0.984267	-0.176614
11.000000	13.076000	5.593441	0.116884	-15.635206	5.549703	0.117420	29.022520	0.004000	0.000000	0.000000	-15.000000	1.000000	3.000000	2.808000	-0.039163	-0.011696	0.102370	-15.000000	-0.000000	-0.986063	-0.166298
11.000000	13.176000	5.593441	0.116884	-17.143129	5.549703	0.117420	29.022520	0.003999	0.000000	0.000000	-15.000000	1.000000	3.000000	2.808000	-0.039210	-0.010427	0.102382	-15.000000	-0.000000	-0.987751	-0.155963
11.000000	13.276000	5.593441	0.116884	-18.651066	5.549703	0.117420	29.022520	0.004001	0.000000	0.000000	-15.000000	1.000000	3.000000	2.808000	-0.037172	-0.010755	0.102381	-15.000000	-0.000000	-0.989331	-0.145611
11.000000	13.376000	5.593441	0.116884	-20.159002	5.549703	0.117420	29.022520	0.004000	0.000000	0.000000	-15.000000	1.000000	3.000000	2.808000	-0.039800	-0.013699	0.102356	-15.000000	-0.000000	-0.990802	-0.135243
11.000000	13.476000	5.593441	0.116884	-21.666893	5.549703	0.117420	29.022520	0.004000	0.000000	0.000000	-15.000000	1.000000	3.000000	2.808000	-0.037357	-0.014197	0.102359	-15.000000	-0.000000	-0.992164	-0.124861
11.000000	13.576000	5.593441	0.116884	-23.174782	5.549703	0.117420	29.022520	0.004000	0.000000	0.000000	-15.000000	1.000000	3.000000	2.808000	-0.037427	-0.009733	0.102384	-15.000000	-0.000000	-0.993418	-0.114464
11.000000	13.676000	5.593441	0.116884	-24.682714	5.549703	0.117420	29.022520	0.004000	0.000000	0.000000	-15.000000	1.000000	3.000000	2.808000	-0.037970	-0.008939	0.102382	-15.000000	-0.000000	-0.994562	-0.104055
11.000000	13.776000	5.593441	0.116884	-26.190643	5.549703	0.117420	29.022520	0.004000	0.000000	0.000000	-15.000000	1.000000	3.000000	2.808000	-0.037198	-0.012299	0.102348	-15.000000	-0.000000	-0.995598	-0.093635
11.000000	13.876000	5.593441	0.116884	-27.698313	5.549703	0.117420	29.022520	0.003999	0.000000	0.000000	-15.000000	1.000000	3.000000	2.808000	-0.039405	-0.012017	0.101082	-15.000000	-0.000000	-0.996524	-0.083204
11.000000	13.976000	5.593441	0.116884	-29.204229	5.549703	0.117420	29.022520	0.004001	0.000000	0.000000	-15.000000	1.000000	3.000000	2.808000	-0.039232	-0.014139	0.102276	-15.000000	-0.000000	-0.997341	-0.072764
11.000000	14.076000	5.593441	0.116884	-30.710281	5.549703	0.117420	29.022520	0.004001	0.000000	0.000000	-15.000000	1.000000	3.000000	2.808000	-0.043497	-0.011926	0.099177	-15.000000	-0.000000	-0.998049	-0.062316
11.000000	14.176000	5.593441	0.116884	-32.213154	5.549703	0.117420	29.022520	0.004000	0.000000	0.000000	-15.000000	1.000000	3.000000	2.808000	-0.036821	-0.012248	0.102231	-15.000000	-0.000000	-0.998647	-0.051862
11.000000	14.276000	5.593441	0.116884	-33.720978	5.549703	0.117420	29.022520	0.004000	0.000000	0.000000	-15.000000	1.000000	3.000000	2.808000	-0.038735	-0.012132	0.101328	-15.000000	-0.000000	-0.999136	-0.041401
11.000000	14.376000	5.593441	0.116884	-35.225266	5.549703	0.117420	29.022520	0.004000	0.000000	0.000000	-15.000000	1.000000	3.000000	2.808000	-0.038805	-0.013536	0.101982	-15.000000	-0.000000	-0.999515	-0.030936
11.000000	14.476000	5.593441	0.116884	-36.729866	5.549703	0.117420	29.022520	0.004000	0.000000	0.000000	-15.000000	1.000000	3.000000	2.808000	-0.036794	-0.012520	0.102297	-15.000000	-0.000000	-0.999784	-0.020468
11.000000	14.576000	5.593441	0.116884	-38.237804	5.549703	0.117420	29.022520	0.003999	0.000000	0.000000	-15.000000	1.000000	3.000000	2.808000	-0.039884	-0.013730	0.102343	-15.000000	-0.000000	-0.999944	-0.009997
11.000000	14.676000	5.593441	0.116884	-39.745060	5.549703	0.117420	29.022520	0.003999	0.000000	0.000000	-15.000000	1.000000	3.000000	2.808000	-0.037728	-0.013155	0.101188	-15.000000	0.000000	-0.999994	0.000474
11.000000	14.776000	5.593441	0.116884	-41.250298	5.549703	0.117420	29.022520	0.004001	0.000000	0.000000	-15.000000	1.000000	3.000000	2.808000	-0.039472	-0.012826	0.102256	-15.000000	0.000000	-0.999935	0.010946
11.000000	14.876000	5.593441	0.116884	-42.758160	5.549703	0.117420	29.022520	0.004000	0.000000	0.000000	-15.000000	1.000000	3.000000	2.808000	-0.043348	-0.013699	0.102342	-15.000000	0.000000	-0.999766	0.021416
11.000000	14.976000	5.593441	0.116884	-44.266014	5.549703	0.117420	29.022520	0.004000	0.000000	0.000000	-15.000000	1.000000	3.000000	2.808000	-0.038783	-0.011688	0.102351	-15.000000	0.000000	-0.999487	0.031884
11.000000	15.076000	5.593441	0.116884	-45.773849	5.549703	0.117420	29.022520	0.004000	0.000000	0.000000	-15.000000	1.000000	3.000000	2.808000	-0.039208	-0.011787	0.102351	-15.000000	0.000000	-0.999099	0.042349
11.000000	15.176000	5.593441	0.116884	-47.280552	5.549703	0.117420	29.022520	0.004000	0.000000	0.000000	-15.000000	1.000000	3.000000	2.808000	-0.044528	-0.007672	0.098293	-15.000000	0.000000	-0.998601	0.052809
11.000000	15.276000	5.593441	0.116884	-48.782955	5.549703	0.117420	29.022520	0.004000	0.000000	0.000000	-15.000000	1.000000	3.000000	2.808000	-0.039768	-0.009531	0.102314	-15.000000	0.000000	-0.997993	0.063263
11.000000	15.376000	5.593441	0.116884	-50.289242	5.549703	0.117420	29.022520	0.003999	0.000000	0.000000	-15.000000	1.000000	3.000000	2.808000	-0.038985	-0.010978	0.102348	-15.000000	0.000000	-0.997276	0.073711
11.000000	15.476000	5.593441	0.116884	-51.795177	5.549703	0.117420	29.022520	0.004001	0.000000	0.000000	-15.000000	1.000000	3.000000	2.808000	-0.039348	-0.008775	0.099179	-15.000000	0.000000	-0.996450	0.084150
11.000000	15.576000	5.593441	0.116884	-53.297985	5.549703	0.117420	29.022520	0.004000	0.000000	0.000000	-15.000000	1.000000	3.000000	2.808000	-0.037673	-0.013114	0.102867	-15.000000	0.000000	-0.995515	0.094580
11.000000	15.676000	5.593441	0.116884	-54.804253	5.549703	0.117420	29.022520	0.004000	0.000000	0.000000	-15.000000	1.000000	3.000000	2.808000	-0.038608	-0.009412	0.102383	-15.000000	0.000000	-0.994470	0.104999
11.000000	15.776000	5.593441	0.116884	-56.312149	5.549703	0.117420	29.022520	0.004000	0.000000	0.000000	-15.000000	1.000000	3.000000	2.808000	-0.040057	-0.014130	0.099602	-15.000000	0.000000	-0.993316	0.115408
11.000000	15.876000	5.593441	0.116884	-57.815853	5.549703	0.117420	29.022520	0.004000	0.000000	0.000000	-15.000000	1.000000	3.000000	2.808000	-0.039291	-0.013634	0.099399	-15.000000	0.000000	-0.992053	0.125803
11.000000	15.976000	5.593441	0.116884	-59.317867	5.549703	0.117420	29.022520	0.004000	0.000000	0.000000	-15.000000	1.000000	3.000000	2.808000	-0.043525	-0.012370	0.097170	-15.000000	0.000000	-0.990682	0.136185
11.000000	16.076000	5.593441	0.116884	-60.782177	5.549703	0.117420	29.022520	0.003999	0.000000	0.000000	-15.000000	1.000000	3.000000	2.808000	-0.039734	-0.012884	0.098434	-15.000000	0.000000	-0.989201	0.146551
11.000000	16.176001	5.593441	0.116884	-61.978645	5.549703	0.117420	29.022520	0.004001	0.000000	0.000000	-15.000000	1.000000	3.000000	2.808000	-0.037894	-0.016498	0.094565	-15.000000	0.000000	-0.987613	0.156902
11.000000	16.275999	5.593441	0.116884	-62.893559	5.549703	0.117420	29.022520	0.004001	0.000000	0.000000	-15.000000	1.000000	3.000000	2.808000	-0.037282	-0.016840	0.092505	-15.000000	0.000000	-0.985916	0.167236
11.000000	16.375999	5.593441	0.116884	-63.615372	5.549703	0.117420	29.022520	0.004000	0.000000	0.000000	-15.000000	1.000000	3.000000	2.808000	-0.043910	-0.011442	0.093047	-15.000000	0.000000	-0.984111	0.177551
11.000000	16.476000	5.593441	0.116884	-64.200775	5.549703	0.117420	29.022520	0.004000	0.000000	0.000000	-15.000000	1.000000	3.000000	2.808000	-0.038230	-0.013665	0.097560	-15.000000	0.000000	-0.982198	0.187846
11.000000	16.576000	5.593441	0.116884	-64.685623	5.549703	0.117420	29.022520	0.004000	0.000000	0.000000	-15.000000	1.000000	3.000000	2.808000	-0.041428	-0.013152	0.091999	-15.000000	0.000000	-0.980177	0.198122
11.000000	16.676001	5.593441	0.116884	-65.094093	5.549703	0.117420	29.022520	0.004000	0.000000	0.000000	-15.000000	1.000000	3.000000	2.808000	-0.039363	-0.014119	0.089654	-15.000000	0.000000	-0.978049	0.208375
11.000000	16.775999	5.593441	0.116884	-65.443138	5.549703	0.117420	29.022520	0.004000	0.000000	0.000000	-15.000000	1.000000	3.000000	2.808000	-0.039225	-0.013846	0.090419	-15.000000	0.000000	-0.975813	0.218605
11.000000	16.875999	5.593441	0.116884	-65.744987	5.549703	0.117420	29.022520	0.003999	0.000000	0.000000	-15.000000	1.000000	3.000000	2.808000	-0.039694	-0.012152	0.094515	-15.000000	0.000000	-0.973470	0.228812
11.000000	16.976000	5.593441	0.116884	-66.008705	5.549703	0.117420	29.022520	0.004001	0.000000	0.000000	-15.000000	1.000000	3.000000	2.808000	-0.043772	-0.010469	0.085974	-15.000000	0.000000	-0.970785	0.238934
11.000000	17.076000	5.593441	0.116884	-66.241165	5.549703	0.117420	29.022520	0.004000	0.000000	0.000000	-15.000000	1.000000	3.000000	2.808000	-0.041491	-0.011707	0.086539	-15.000000	0.000000	-0.967586	0.248916
11.000000	17.176001	5.593441	0.116884	-66.447655	5.549703	0.117420	29.022520	0.004000	0.000000	0.000000	-15.000000	1.000000	3.000000	2.808000	-0.039351	-0.013148	0.086599	-15.000000	0.000000	-0.963891	0.258742
