10.000000	0.096000	-0.000961	0.000000	0.000000	-1.448150	-0.000120	-0.879890	0.003997	-17.500000	0.000000	0.000000	1.000000	1.000000	0.096000	-0.000010	0.021333	-0.023628	-0.175499	0.000000	-0.715946	0.384074
10.000000	0.196000	-0.019579	0.000000	0.000000	-1.437957	0.000990	-0.869385	0.003999	-17.500000	0.000000	0.000000	1.000000	1.000000	0.196000	0.000497	0.016940	-0.027942	-0.680750	0.000000	-0.716719	0.392399
10.000000	0.296000	-0.087140	0.000000	0.000000	-1.470939	-0.001088	-0.856673	0.004000	-17.500000	0.000000	0.000000	1.000000	1.000000	0.296000	0.003865	0.022319	-0.023516	-1.424017	0.000000	-0.717317	0.400764
10.000000	0.396000	-0.228018	0.000000	0.000000	-1.633224	-0.000459	-0.857515	0.004001	-17.500000	0.000000	0.000000	1.000000	1.000000	0.396000	-0.001341	0.025078	-0.025062	-2.330544	0.000000	-0.717740	0.409165
10.000000	0.496000	-0.458816	0.000000	0.000000	-1.934570	-0.001266	-0.851046	0.004002	-17.500000	0.000000	0.000000	1.000000	1.000000	0.496000	0.002963	0.027265	-0.019491	-3.340497	0.000000	-0.717989	0.417600
10.000000	0.596000	-0.790105	0.000000	0.000000	-2.391344	0.001127	-0.836905	0.003998	-17.500000	0.000000	0.000000	1.000000	1.000000	0.596000	0.004040	0.024877	-0.019685	-4.406578	0.000000	-0.718063	0.426066
10.000000	0.696000	-1.227683	0.000000	0.000000	-2.996330	0.000485	-0.824710	0.003999	-17.500000	0.000000	0.000000	1.000000	1.000000	0.696000	0.000486	0.026210	-0.020409	-5.491949	0.000000	-0.717963	0.434560
10.000000	0.796000	-1.773624	0.000000	0.000000	-3.749079	0.001079	-0.813012	0.004000	-17.500000	0.000000	0.000000	1.000000	1.000000	0.796000	0.004143	0.020528	-0.023251	-6.568445	0.000000	-0.717688	0.443078
10.000000	0.896000	-2.427153	0.000000	0.000000	-4.625778	-0.001077	-0.798045	0.004002	-17.500000	0.000000	0.000000	1.000000	1.000000	0.896000	0.003908	0.020795	-0.019655	-7.615043	0.000000	-0.717238	0.451619
10.000000	0.996000	-3.185367	0.000000	0.000000	-5.625014	0.000725	-0.782729	0.004003	-17.500000	0.000000	0.000000	1.000000	1.000000	0.996000	0.007302	0.026988	-0.021424	-8.616551	0.000000	-0.716613	0.460180
10.000000	1.096000	-4.043823	0.000000	0.000000	-6.726023	0.000151	-0.765399	0.003998	-17.500000	0.000000	0.000000	1.000000	1.000000	1.096000	0.021283	0.014406	-0.027327	-9.562500	0.000000	-0.715815	0.468756
10.000000	1.196000	-4.997009	0.000000	0.000000	-7.924904	0.002309	-0.748758	0.003999	-17.500000	0.000000	0.000000	1.000000	1.000000	1.196000	0.021535	0.006876	-0.024256	-10.446199	0.000000	-0.714843	0.477346
10.000000	1.296000	-6.038735	0.000000	0.000000	-9.202252	0.000176	-0.731306	0.004001	-17.500000	0.000000	0.000000	1.000000	1.000000	1.296000	0.021568	0.001702	-0.031252	-11.263954	0.000000	-0.713697	0.485947
10.000000	1.396000	-7.162426	0.000000	0.000000	-10.553474	0.001430	-0.710238	0.004002	-17.500000	0.000000	0.000000	1.000000	1.000000	1.396000	0.021574	0.008166	-0.033121	-12.014402	0.000000	-0.712378	0.494555
10.000000	1.496000	-8.361364	0.000000	0.000000	-11.967413	0.002527	-0.691376	0.003997	-17.500000	0.000000	0.000000	1.000000	1.000000	1.496000	0.021575	0.006484	-0.021069	-12.697968	0.000000	-0.710886	0.503168
10.000000	1.596000	-9.628863	0.000000	0.000000	-13.435411	0.001244	-0.670450	0.003999	-17.500000	0.000000	0.000000	1.000000	1.000000	1.596000	0.021575	0.005874	-0.013567	-13.316416	0.000000	-0.709223	0.511782
10.000000	1.696000	-10.958412	0.000000	0.000000	-14.947889	0.002652	-0.651202	0.004000	-17.500000	0.000000	0.000000	1.000000	1.000000	1.696000	0.021575	0.006913	-0.020008	-13.872476	0.000000	-0.707388	0.520396
10.000000	1.796000	-12.343765	0.000000	0.000000	-16.502235	0.002474	-0.633279	0.004001	-17.500000	0.000000	0.000000	1.000000	1.000000	1.796000	0.021575	0.007813	-0.021724	-14.369552	0.000000	-0.705382	0.529006
10.000000	1.896000	-13.779017	0.000000	0.000000	-18.085091	0.003019	-0.611484	0.004003	-17.500000	0.000000	0.000000	1.000000	1.000000	1.896000	0.021575	0.007167	-0.019766	-14.811480	0.000000	-0.703205	0.537609
10.000000	1.996000	-15.258643	0.000000	0.000000	-19.703960	0.002720	-0.596517	0.003998	-17.500000	0.000000	0.000000	1.000000	1.000000	1.996000	0.021575	0.007735	-0.019685	-15.202337	0.000000	-0.700859	0.546202
10.000000	2.096000	-16.777523	0.000000	0.000000	-21.341528	0.002514	-0.576611	0.003999	-17.500000	0.000000	0.000000	1.000000	1.000000	2.096000	0.021575	0.008213	-0.019683	-15.546297	0.000000	-0.698345	0.554783
10.000000	2.196000	-18.330956	0.000000	0.000000	-23.001820	0.003017	-0.560949	0.004000	-17.500000	0.000000	0.000000	1.000000	1.000000	2.196000	0.021575	0.007515	-0.023800	-15.847515	0.000000	-0.695663	0.563349
10.000000	2.296000	-19.914652	0.000000	0.000000	-24.684349	0.002919	-0.548169	0.004002	-17.500000	0.000000	0.000000	1.000000	1.000000	2.296000	0.021575	0.005673	-0.027866	-16.110041	0.000000	-0.692814	0.571896
10.000000	2.396000	-21.524734	0.000000	0.000000	-26.369406	0.002766	-0.530323	0.003997	-17.500000	0.000000	0.000000	1.000000	1.000000	2.396000	0.021575	0.007501	-0.043349	-16.337763	0.000000	-0.689799	0.580423
10.000000	2.496000	-23.157705	0.000000	0.000000	-28.079260	0.004207	-0.519992	0.003998	-17.500000	0.000000	0.000000	1.000000	1.000000	2.496000	0.021575	0.005671	-0.059237	-16.534357	0.000000	-0.686619	0.588926
10.000000	2.596000	-24.810444	0.000000	0.002003	-29.791893	0.003627	-0.505760	0.004000	-17.500000	0.000000	0.000000	1.000000	1.000000	2.560000	0.021575	0.008752	-0.150049	-16.703264	0.000000	-0.683275	0.597403
10.000000	2.696000	-26.480167	0.000000	0.169690	-31.504684	0.003894	-0.462239	0.004001	-17.500000	0.000000	0.000000	1.000000	1.000000	2.560000	0.021575	0.008941	-0.224841	-16.847673	0.000000	-0.679768	0.605851
10.000000	2.796000	-28.164417	0.000000	0.568737	-33.238228	0.004658	0.016871	0.004002	-17.500000	0.000000	0.000000	1.000000	1.000000	2.560000	0.021575	0.009321	-0.220860	-16.970518	0.000000	-0.676100	0.614267
10.000000	2.896000	-29.861025	0.000000	0.975474	-34.953247	0.004811	0.888570	0.003998	-17.500000	0.000000	0.000000	1.000000	1.000000	2.560000	0.021575	0.017498	-0.218624	-17.074469	0.000000	-0.672271	0.622649
10.000000	2.996000	-31.568096	0.000000	1.370748	-36.671825	0.005084	1.626147	0.003999	-17.500000	0.000000	0.000000	1.000000	1.000000	2.560000	0.046527	0.012518	-0.217096	-17.161945	0.000000	-0.668283	0.630994
10.000000	3.096000	-33.280888	0.000000	1.756375	-38.396046	0.005591	2.175366	0.004000	-17.500000	0.000000	0.000000	1.000000	1.000000	2.560000	0.145835	0.028317	-0.210994	-17.235126	0.000000	-0.664136	0.639299
10.000000	3.196000	-34.865803	0.000000	2.130115	-40.081635	0.003452	2.638341	0.004001	-17.500000	0.000000	0.000000	1.000000	1.000000	2.560000	0.174374	0.031536	-0.212929	-17.295961	0.000000	-0.659834	0.647562
10.000000	3.296000	-36.342442	0.000000	2.500883	-41.480953	0.005014	3.008911	0.004003	-17.500000	0.000000	0.000000	1.000000	1.000000	2.560000	0.170104	0.029992	-0.209018	-17.346186	0.000000	-0.655376	0.655780
10.000000	3.396000	-37.850208	0.000000	2.872749	-42.735455	0.005415	3.352781	0.003998	-17.500000	0.000000	0.000000	1.000000	1.000000	2.560000	0.151131	0.032382	-0.213358	-17.387335	0.000000	-0.650764	0.663951
10.000000	3.496000	-39.400898	0.000000	3.252477	-44.132191	0.004343	3.730273	0.003999	-17.500000	0.000000	0.000000	1.000000	1.000000	2.560000	0.172939	0.035634	-0.212668	-17.420759	0.000000	-0.645999	0.672072
10.000000	3.596000	-40.908482	0.000000	3.627670	-45.631435	0.004125	4.135629	0.004001	-17.500000	0.000000	0.000000	1.000000	1.000000	2.560000	0.190952	0.036914	-0.210878	-17.447645	0.000000	-0.641084	0.680141
10.000000	3.696000	-42.357899	0.000000	3.997123	-47.076645	0.005051	4.512968	0.004002	-17.500000	0.000000	0.000000	1.000000	1.000000	2.560000	0.197785	0.041646	-0.212708	-17.469027	0.000000	-0.636019	0.688155
10.000000	3.796000	-43.778168	0.000000	4.368556	-48.396580	0.004880	4.873186	0.003997	-17.500000	0.000000	0.000000	1.000000	1.000000	2.560000	0.187096	0.041295	-0.212563	-17.485800	0.000000	-0.630806	0.696113
10.000000	3.896000	-45.231422	0.000000	4.743962	-49.722980	0.005601	5.233259	0.003998	-17.500000	0.000000	0.000000	1.000000	1.000000	2.560000	0.191181	0.043175	-0.212571	-17.498739	0.000000	-0.625447	0.704011
10.000000	3.996000	-46.672459	0.000000	5.119222	-51.130920	0.005912	5.627462	0.004000	-17.500000	0.000000	0.000000	1.000000	1.000000	2.560000	0.216645	0.043394	-0.212575	-17.508514	0.000000	-0.619943	0.711847
10.000000	4.096000	-48.050175	0.000000	5.494474	-52.516335	0.005046	6.011350	0.004001	-17.500000	0.000000	0.000000	1.000000	1.000000	2.560000	0.212499	0.043716	-0.213300	-17.515694	0.000000	-0.614296	0.719620
10.000000	4.196000	-49.420303	0.000000	5.873284	-53.806519	0.006650	6.383928	0.004002	-17.500000	0.000000	0.000000	1.000000	1.000000	2.560000	0.211943	0.043952	-0.212060	-17.520763	0.000000	-0.608507	0.727327
10.000000	4.296000	-50.784946	0.000000	6.250318	-55.087830	0.006094	6.771082	0.003998	-17.500000	0.000000	0.000000	1.000000	1.000000	2.560000	0.213508	0.043244	-0.212472	-17.524134	0.000000	-0.602579	0.734965
10.000000	4.396000	-52.014282	0.000000	6.622647	-56.345879	0.005597	7.164754	0.003999	-17.500000	0.000000	0.000000	1.000000	1.000000	2.560000	0.276859	0.048964	-0.211682	-17.526152	0.000000	-0.596512	0.742533
10.000000	4.496000	-52.965153	0.000000	6.993254	-57.272823	0.006834	7.533894	0.004000	-17.500000	0.000000	0.000000	1.000000	1.000000	2.560000	0.278559	0.045724	-0.212551	-17.527109	0.000000	-0.590310	0.750028
10.000000	4.596000	-53.786572	0.000000	7.371540	-57.728680	0.005751	7.855987	0.004002	-17.500000	0.000000	0.000000	1.000000	1.000000	2.560000	0.278286	0.044950	-0.216617	-17.527245	0.000000	-0.583973	0.757448
10.000000	4.696000	-54.534416	0.000000	7.759501	-58.037540	0.004198	8.228758	0.004003	-17.500000	0.000000	0.000000	1.000000	1.000000	2.560000	0.279291	0.045086	-0.216530	-17.526760	0.000000	-0.577504	0.764792
10.000000	4.796000	-55.209476	0.000000	8.147967	-58.368477	0.002952	8.630867	0.003998	-17.500000	0.000000	0.000000	1.000000	1.000000	2.560000	0.278519	0.049218	-0.216513	-17.525818	0.000000	-0.570903	0.772057
10.000000	4.896000	-55.827820	0.000000	8.536336	-58.705055	0.003008	9.029222	0.003999	-17.500000	0.000000	0.000000	1.000000	1.000000	2.560000	0.279012	0.048311	-0.216512	-17.524551	0.000000	-0.564174	0.779242
10.000000	4.996000	-56.394371	0.000000	8.924711	-59.050602	0.002773	9.421772	0.004001	-17.500000	0.000000	0.000000	1.000000	1.000000	2.560000	0.279495	0.046733	-0.217528	-17.523067	0.000000	-0.557318	0.786344
10.000000	5.096000	-56.914577	0.000000	9.318197	-59.382347	0.001906	9.814917	0.004002	-17.500000	0.000000	0.000000	1.000000	1.000000	2.560000	0.278745	0.047125	-0.220338	-17.521452	0.000000	-0.550336	0.793361
10.000000	5.196000	-57.394867	0.000000	9.717530	-59.706043	0.001058	10.220386	0.003997	-17.500000	0.000000	0.000000	1.000000	1.000000	2.560000	0.281463	0.047864	-0.216260	-17.519773	0.000000	-0.543232	0.800292
10.000000	5.296000	-57.833836	0.000000	10.106887	-60.006855	0.001457	10.633280	0.003999	-17.500000	0.000000	0.000000	1.000000	1.000000	2.560000	0.282100	0.048237	-0.219225	-17.518082	0.000000	-0.536006	0.807135
10.000000	5.396000	-58.240047	0.000000	10.499026	-60.287560	0.001935	11.020793	0.004000	-17.500000	0.000000	0.000000	1.000000	1.000000	2.560000	0.280536	0.050007	-0.216533	-17.516418	0.000000	-0.528661	0.813889
10.000000	5.496000	-58.620090	0.000000	10.887613	-60.550331	0.000621	11.412329	0.004001	-17.500000	0.000000	0.000000	1.000000	1.000000	2.560000	0.281558	0.049503	-0.216504	-17.514811	0.000000	-0.521198	0.820551
10.000000	5.596000	-58.968933	0.000000	11.275941	-60.804455	0.000325	11.802335	0.004002	-17.500000	0.000000	0.000000	1.000000	1.000000	2.560000	0.296636	0.053226	-0.216511	-17.513281	0.000000	-0.513620	0.827119
10.000000	5.696000	-59.269718	0.000000	11.664384	-61.027954	0.001433	12.190622	0.003998	-17.500000	0.000000	0.000000	1.000000	1.000000	2.560000	0.301059	0.051654	-0.219985	-17.511843	0.000000	-0.505929	0.833593
10.000000	5.796000	-59.538101	0.000000	12.061334	-61.193745	-0.000045	12.580596	0.003999	-17.500000	0.000000	0.000000	1.000000	1.000000	2.560000	0.301195	0.056731	-0.215840	-17.510504	0.000000	-0.498127	0.839971
10.000000	5.896000	-59.790493	0.000000	12.452797	-61.331841	-0.000186	12.990873	0.004000	-17.500000	0.000000	0.000000	1.000000	1.000000	2.560000	0.300896	0.057574	-0.216465	-17.509268	0.000000	-0.490215	0.846250
10.000000	5.996000	-60.029713	0.000000	12.841208	-61.480213	0.000280	13.387613	0.004002	-17.500000	0.000000	0.000000	1.000000	1.000000	2.560000	0.301711	0.055203	-0.221253	-17.508137	0.000000	-0.482196	0.852430
10.000000	6.096000	-60.253815	0.000000	13.243370	-61.640675	-0.001183	13.778542	0.004003	-17.500000	0.000000	0.000000	1.000000	1.000000	2.560000	0.300595	0.056846	-0.217314	-17.507111	0.000000	-0.474072	0.858510
10.000000	6.196000	-60.466267	0.000000	13.642271	-61.793705	-0.000256	14.201620	0.003998	-17.500000	0.000000	0.000000	1.000000	1.000000	2.560000	0.300838	0.054535	-0.220987	-17.506184	0.000000	-0.465844	0.864487
10.000000	6.296000	-60.667576	0.000000	14.041635	-62.169888	-0.000877	14.239688	0.004000	-17.500000	0.000000	0.000000	1.000000	1.000000	2.560000	0.303365	0.054582	-0.220423	-17.505352	0.000000	-0.457516	0.870360
10.000000	6.396000	-60.848530	0.000000	14.441096	-62.624760	0.004337	14.084087	0.004001	-17.500000	0.000000	0.000000	1.000000	1.000000	2.560000	0.325236	0.081559	-0.219814	-17.504610	0.000000	-0.449089	0.876129
10.000000	6.496000	-60.985767	0.000000	14.839417	-63.051422	0.008665	13.937711	0.004002	-17.500000	0.000000	0.000000	1.000000	1.000000	2.560000	0.345836	0.080294	-0.221114	-17.503952	0.000000	-0.440565	0.881791
10.000000	6.596000	-61.090385	0.000000	15.245723	-63.408360	0.011409	13.788821	0.003997	-17.500000	0.000000	0.000000	1.000000	1.000000	2.560000	0.314121	0.074782	-0.227458	-17.503372	0.000000	-0.431946	0.887346
10.000000	6.696000	-61.229481	0.000000	15.668322	-63.763599	0.013793	13.629685	0.003999	-17.500000	0.000000	0.000000	1.000000	1.000000	2.560000	0.303867	0.073072	-0.225424	-17.502861	0.000000	-0.423234	0.892792
10.000000	6.796000	-61.381535	0.000000	16.088972	-64.065010	0.014802	13.526481	0.004000	-17.500000	0.000000	0.000000	1.000000	1.000000	2.560000	0.315041	0.074506	-0.227719	-17.502415	0.000000	-0.414432	0.898128
10.000000	6.896000	-61.511650	0.000000	16.508280	-64.216492	0.014087	13.397554	0.004001	-17.500000	0.000000	0.000000	1.000000	1.000000	2.560000	0.293232	0.070643	-0.227223	-17.502028	0.000000	-0.405541	0.903353
10.000000	6.996000	-61.675228	0.000000	16.930758	-64.214172	0.013965	13.322409	0.004003	-17.500000	0.000000	0.000000	1.000000	1.000000	2.560000	0.238020	0.069786	-0.229637	-17.501692	0.000000	-0.396564	0.908467
10.000000	7.096000	-61.932186	0.000000	17.354151	-64.217415	0.013815	13.256275	0.003998	-17.500000	0.000000	0.000000	1.000000	1.000000	2.560000	0.078312	0.041906	-0.203253	-17.501402	0.000000	-0.387503	0.913467
10.000000	7.196000	-62.353477	0.000000	17.712603	-64.213341	0.007561	13.243731	0.003999	-17.500000	0.000000	0.000000	1.000000	1.000000	2.560000	-0.124497	0.035604	-0.201083	-17.501152	0.000000	-0.378360	0.918353
10.000000	7.296000	-62.825497	0.000000	18.050457	-64.216011	0.000967	13.312119	0.004001	-17.500000	0.000000	0.000000	1.000000	1.000000	2.560000	-0.069916	0.031804	-0.202439	-17.500940	0.000000	-0.369136	0.923124
10.000000	7.396000	-63.247620	0.000000	18.393621	-64.215721	-0.004510	13.373519	0.004002	-17.500000	0.000000	0.000000	1.000000	1.000000	2.560000	-0.001452	0.027342	-0.205945	-17.500761	0.000000	-0.359835	0.927779
10.000000	7.496000	-63.627834	0.000000	18.739212	-64.215569	-0.008944	13.383478	0.003997	-17.500000	0.000000	0.000000	1.000000	1.000000	2.560000	-0.010910	0.027452	-0.200526	-17.500608	0.000000	-0.350458	0.932317
10.000000	7.596000	-63.766777	0.000000	19.077719	-64.221230	-0.011284	13.368755	0.003998	-17.500000	0.000000	0.000000	1.000000	1.000000	2.560000	-0.010748	0.027464	-0.201885	-17.500481	0.000000	-0.341007	0.936737
10.000000	7.696000	-63.766777	0.000000	19.418646	-64.219666	-0.009792	13.242001	0.004000	-17.500000	0.000000	0.000000	1.000000	1.000000	2.560000	-0.009585	0.027303	-0.204931	-17.500376	0.000000	-0.331485	0.941039
10.000000	7.796000	-63.766777	0.000000	19.763929	-64.224861	-0.006430	13.085690	0.004001	-17.500000	0.000000	0.000000	1.000000	1.000000	2.560000	-0.008480	0.025659	-0.204104	-17.500286	0.000000	-0.321893	0.945222
10.000000	7.896000	-63.766777	0.000000	20.107056	-64.229759	-0.004750	12.958065	0.004002	-17.500000	0.000000	0.000000	1.000000	1.000000	2.560000	-0.009725	0.027289	-0.204357	-17.500214	0.000000	-0.312234	0.949284
10.000000	7.996000	-63.766777	0.000000	20.449482	-64.234116	-0.002518	12.855372	0.003998	-17.500000	0.000000	0.000000	1.000000	1.000000	2.560000	-0.008867	0.022838	-0.204190	-17.500154	0.000000	-0.302509	0.953226
10.000000	8.096000	-63.766777	0.000000	20.793911	-64.238327	-0.001518	12.763699	0.003999	-17.500000	0.000000	0.000000	1.000000	1.000000	2.560000	-0.007629	0.027210	-0.203328	-17.500107	0.000000	-0.292722	0.957047
10.000000	8.196000	-63.766777	0.000000	21.144817	-64.242577	-0.000586	12.676965	0.004000	-17.500000	0.000000	0.000000	1.000000	1.000000	2.560000	-0.009876	0.021786	-0.240552	-17.500069	0.000000	-0.282873	0.960745
10.000000	8.296000	-63.766777	0.000000	21.603323	-64.251305	0.000543	12.584820	0.004001	-17.500000	0.000000	0.000000	1.000000	1.000000	2.560000	-0.009789	0.021742	-0.272397	-17.500038	0.000000	-0.272965	0.964321
10.000000	8.396000	-63.766777	0.000000	22.171085	-64.256050	0.000048	12.440996	0.004003	-17.500000	0.000000	0.000000	1.000000	1.000000	2.560000	-0.009783	0.027207	-0.271696	-17.500013	0.000000	-0.263000	0.967774
10.000000	8.496000	-63.766777	0.000000	22.743410	-64.266846	-0.000458	12.256088	0.003998	-17.500000	0.000000	0.000000	1.000000	1.000000	2.560000	-0.008298	0.027453	-0.263454	-17.499996	0.000000	-0.252981	0.971103
10.000000	8.596000	-63.766777	0.000000	23.294128	-64.278107	-0.001374	12.089837	0.003999	-17.500000	0.000000	0.000000	1.000000	1.000000	2.560000	-0.007875	0.027465	-0.256150	-17.499983	0.000000	-0.242908	0.974308
10.000000	8.696000	-63.766777	0.000000	23.823223	-64.288094	-0.000863	11.952904	0.004001	-17.500000	0.000000	0.000000	1.000000	1.000000	2.560000	-0.009294	0.027465	-0.265603	-17.499971	0.000000	-0.232785	0.977389
10.000000	8.796000	-63.766777	0.000000	24.374849	-64.297409	-0.000905	11.833025	0.004002	-17.500000	0.000000	0.000000	1.000000	1.000000	2.560000	-0.006900	0.023623	-0.271495	-17.499966	0.000000	-0.222613	0.980344
10.000000	8.896000	-63.766777	0.000000	24.952330	-64.308022	-0.000374	11.703383	0.003997	-17.500000	0.000000	0.000000	1.000000	1.000000	2.560000	-0.007473	0.027399	-0.367005	-17.499962	0.000000	-0.212394	0.983174
10.000000	8.996000	-63.766777	0.000000	25.929899	-64.326180	-0.000596	11.552069	0.003999	-17.500000	0.000000	0.000000	1.000000	1.000000	2.560000	-0.001435	0.027468	-0.755545	-17.499958	0.000000	-0.202131	0.985879
10.000000	9.096000	-63.766777	0.000000	28.032396	-64.392448	0.001209	11.162459	0.004000	-17.500000	0.000000	0.000000	1.000000	1.000000	2.560000	-0.009427	0.027466	-0.978122	-17.499958	0.000000	-0.191825	0.988457
10.000000	9.196000	-63.766777	0.000000	30.861378	-64.474831	-0.001011	10.293277	0.004001	-17.500000	0.000000	0.000000	1.000000	1.000000	2.560000	-0.038869	0.027465	-0.979770	-17.499958	0.000000	-0.181478	0.990909
10.000000	9.296000	-63.766777	0.000000	33.803207	-64.613213	-0.003939	9.240631	0.004002	-17.500000	0.000000	0.000000	1.000000	1.000000	2.560000	-0.037919	0.027500	-0.980123	-17.499958	0.000000	-0.171092	0.993234
10.000000	9.396000	-63.766777	0.000000	36.737247	-64.785995	-0.008589	8.317842	0.003998	-17.500000	0.000000	0.000000	1.000000	1.000000	2.560000	-0.033505	0.027907	-0.980203	-17.499960	0.000000	-0.160670	0.995433
10.000000	9.496000	-63.766777	0.000000	39.671242	-64.954987	-0.011699	7.554829	0.003999	-17.500000	0.000000	0.000000	1.000000	1.000000	2.560000	-0.019572	0.028145	-0.980211	-17.499962	0.000000	-0.150213	0.997504
10.000000	9.596000	-63.766777	0.000000	42.605198	-65.122726	-0.013656	6.875426	0.004000	-17.500000	0.000000	0.000000	1.000000	1.000000	2.560000	-0.011795	0.007782	-0.942366	-17.499966	0.000000	-0.139723	0.999449
10.000000	9.696000	-63.766777	0.000000	45.014580	-65.289261	-0.014054	6.250211	0.004002	-17.500000	0.000000	0.000000	1.000000	1.000000	2.560000	-0.021898	-0.004554	0.054329	-17.499968	0.000000	-0.129202	1.001265
10.000000	9.796000	-63.766777	0.000000	45.290707	-65.280533	-0.014110	6.033767	0.004003	-17.500000	0.000000	0.000000	1.000000	1.000000	2.560000	0.022590	0.011286	0.022541	-17.499969	0.000000	-0.118653	1.002955
10.000000	9.896000	-63.766777	0.000000	45.264023	-65.210800	-0.004792	6.579121	0.003998	-17.500000	0.000000	0.000000	1.000000	1.000000	2.560000	0.023549	0.000577	0.019816	-17.499973	0.000000	-0.108076	1.004517
10.000000	9.996000	-63.766777	0.000000	45.264427	-65.078705	0.003210	7.110482	0.004000	-17.500000	0.000000	0.000000	1.000000	1.000000	2.560000	0.015367	0.000033	0.019707	-17.499975	0.000000	-0.097474	1.005951
10.000000	10.096000	-63.766777	0.000000	45.264553	-65.008278	0.006974	7.394172	0.004001	-17.500000	0.000000	0.000000	1.000000	1.000000	2.560000	-0.135754	0.000000	0.016703	-17.499977	0.000000	-0.086849	1.007258
10.000000	10.196000	-63.766777	0.000000	45.264542	-64.972290	0.009045	7.532790	0.004002	-17.500000	0.000000	0.000000	1.000000	1.000000	2.560000	-0.123483	-0.011351	0.009139	-17.499981	0.000000	-0.076203	1.008437
10.000000	10.296000	-63.766777	0.000000	45.264542	-64.957039	0.010064	7.594583	0.003997	-17.500000	0.000000	0.000000	1.000000	1.000000	2.560000	-0.123768	-0.002632	0.015755	-17.499983	0.000000	-0.065537	1.009488
10.000000	10.396000	-63.766777	0.000000	45.264542	-64.950516	0.009467	7.618838	0.003999	-17.500000	0.000000	0.000000	1.000000	1.000000	2.560000	-0.125331	-0.000316	0.006705	-17.499985	0.000000	-0.054854	1.010412
10.000000	10.496000	-63.766777	0.000000	45.264542	-64.945709	0.009446	7.625303	0.004000	-17.500000	0.000000	0.000000	1.000000	1.000000	2.560000	-0.125467	-0.000042	0.004038	-17.499987	0.000000	-0.044154	1.011208
10.000000	10.596000	-63.766777	0.000000	45.264542	-64.945313	0.008488	7.627010	0.004001	-17.500000	0.000000	0.000000	1.000000	1.000000	2.560000	-0.109627	-0.011591	0.003942	-17.499989	0.000000	-0.033441	1.011877
10.000000	10.696000	-63.766777	0.000000	45.264542	-64.945313	0.008488	7.627010	0.004003	-17.500000	0.000000	0.000000	1.000000	1.000000	2.560000	-0.118557	-0.001939	0.003937	-17.499989	0.000000	-0.022715	1.012418
10.000000	10.796000	-63.766777	0.000000	45.264542	-64.945908	0.008642	7.624456	0.003998	-17.500000	0.000000	0.000000	1.000000	1.000000	2.560000	-0.119563	-0.000114	0.003937	-17.499990	0.000000	-0.011980	1.012833
10.000000	10.896000	-63.766777	0.000000	45.264542	-64.947273	0.008463	7.616491	0.003999	-17.500000	0.000000	0.000000	1.000000	1.000000	2.560000	-0.118484	-0.004210	0.003937	-17.499992	0.000000	-0.001235	1.013120
10.000000	10.996000	-63.766777	0.000000	45.264542	-64.949615	0.008095	7.606322	0.004000	-17.500000	0.000000	0.000000	1.000000	1.000000	2.560000	-0.109685	-0.003179	0.003937	-17.499992	0.000000	0.009516	1.013280
10.000000	11.096000	-63.766777	0.000000	45.264542	-64.951126	0.008331	7.599805	0.004002	-17.500000	0.000000	0.000000	1.000000	1.000000	2.560000	-0.125609	-0.000166	0.004660	-17.499994	0.000000	0.020273	1.013314
10.000000	11.196000	-63.766777	0.000000	45.264542	-64.953140	0.008654	7.591054	0.003997	-17.500000	0.000000	0.000000	1.000000	1.000000	2.560000	-0.125460	-0.000011	0.004633	-17.499994	0.000000	0.031033	1.013221
10.000000	11.296000	-63.766777	0.000000	45.264542	-64.955681	0.008382	7.580035	0.003998	-17.500000	0.000000	0.000000	1.000000	1.000000	2.560000	-0.125475	-0.000000	0.008304	-17.499996	0.000000	0.041794	1.013002
10.000000	11.396000	-63.766777	0.000000	45.264542	-64.957115	0.009595	7.573826	0.004000	-17.500000	0.000000	0.000000	1.000000	1.000000	2.560000	-0.125481	0.000000	0.013616	-17.499996	0.000000	0.052556	1.012658
10.000000	11.496000	-63.766777	0.000000	45.264542	-64.958946	0.009198	7.565924	0.004001	-17.500000	0.000000	0.000000	1.000000	1.000000	2.560000	-0.125482	0.000000	0.012768	-17.499996	0.000000	0.063316	1.012187
10.000000	11.596000	-63.766777	0.000000	45.264542	-64.961487	0.009889	7.554931	0.004002	-17.500000	0.000000	0.000000	1.000000	1.000000	2.560000	-0.125483	0.000000	0.011357	-17.499998	0.000000	0.074072	1.011592
10.000000	11.696000	-63.766777	0.000000	45.264542	-64.963043	0.010513	7.548183	0.003998	-17.500000	0.000000	0.000000	1.000000	1.000000	2.560000	-0.125483	0.000000	0.004066	-17.499998	0.000000	0.084824	1.010871
10.000000	11.796000	-63.766777	0.000000	45.264542	-64.964729	0.009725	7.540865	0.003999	-17.500000	0.000000	0.000000	1.000000	1.000000	2.560000	-0.116428	0.000000	0.003935	-17.499998	0.000000	0.095569	1.010026
10.000000	11.896000	-63.766777	0.000000	45.264542	-64.967140	0.009405	7.530451	0.004000	-17.500000	0.000000	0.000000	1.000000	1.000000	2.560000	-0.090510	0.027983	-0.018640	-17.499998	0.000000	0.106305	1.009056
10.000000	11.996000	-63.766777	0.000000	45.317692	-64.969086	0.009526	7.522030	0.004001	-17.500000	0.000000	0.000000	1.000000	1.000000	2.560000	-0.020771	0.025583	-0.354142	-17.499998	0.000000	0.117032	1.007962
10.000000	12.096000	-63.766777	0.000000	46.036278	-64.993492	0.009430	7.456017	0.004003	-17.500000	0.000000	0.000000	1.000000	1.000000	2.560000	-0.007086	0.009041	-0.545858	-17.500000	0.000000	0.127747	1.006745
10.000000	12.196000	-63.766777	0.000000	47.502666	-65.083961	0.010292	7.094173	0.003998	-17.500000	0.000000	0.000000	1.000000	1.000000	2.560000	-0.005240	0.007642	-0.791826	-17.500000	0.000000	0.138449	1.005405
10.000000	12.296000	-63.766777	0.000000	49.818375	-65.259315	0.010015	6.426041	0.003999	-17.500000	0.000000	0.000000	1.000000	1.000000	2.560000	-0.008244	-0.000175	-0.965292	-17.500000	0.000000	0.149136	1.003942
10.000000	12.396000	-63.766777	0.000000	52.622124	-65.528908	0.008499	5.495573	0.004001	-17.500000	0.000000	0.000000	1.000000	1.000000	2.560000	-0.022094	-0.000024	-0.758392	-17.500000	0.000000	0.159807	1.002357
10.000000	12.496000	-63.766777	0.000000	54.615707	-65.811516	0.002312	4.566568	0.004002	-17.500000	0.000000	0.000000	1.000000	1.000000	2.560000	-0.144317	-0.031160	0.039641	-17.500000	0.000000	0.170461	1.000650
10.000000	12.596000	-63.766777	0.000000	54.811695	-65.858788	0.001143	4.293189	0.003997	-17.500000	0.000000	0.000000	1.000000	1.000000	2.560000	-0.068386	-0.001039	0.021138	-17.500000	0.000000	0.181095	0.998822
10.000000	12.696000	-63.766777	0.000000	54.791260	-65.774727	0.008558	4.718149	0.003999	-17.500000	0.000000	0.000000	1.000000	1.000000	2.560000	0.021733	-0.000137	0.019711	-17.500000	0.000000	0.191709	0.996873
10.000000	12.796000	-63.766777	0.000000	54.791660	-65.650841	0.013468	5.105796	0.004000	-17.500000	0.000000	0.000000	1.000000	1.000000	2.560000	-0.032675	-0.000072	0.019701	-17.500000	0.000000	0.202300	0.994804
10.000000	12.896000	-63.766777	0.000000	54.791752	-65.581985	0.016339	5.316622	0.004001	-17.500000	0.000000	0.000000	1.000000	1.000000	2.560000	-0.254988	-0.033157	0.019711	-17.500000	0.000000	0.212868	0.992615
10.000000	12.996000	-63.766777	0.000000	54.791744	-65.548286	0.016664	5.420461	0.004002	-17.500000	0.000000	0.000000	1.000000	1.000000	2.560000	-0.229338	-0.070858	0.019713	-17.500000	0.000000	0.223411	0.990306
10.000000	13.096000	-63.766777	0.000000	54.791744	-65.531067	0.016439	5.464606	0.003998	-17.500000	0.000000	0.000000	1.000000	1.000000	2.560000	-0.178194	-0.092711	0.030953	-17.500000	0.000000	0.233927	0.987879
10.000000	13.196000	-63.766777	0.000000	54.735165	-65.526726	0.016650	5.478328	0.003999	-17.500000	0.000000	0.000000	1.000000	1.000000	2.560000	-0.111987	-0.080701	0.326789	-17.500000	0.000000	0.244415	0.985334
10.000000	13.296000	-63.766777	0.000000	54.023117	-65.491974	0.015750	5.550421	0.004000	-17.500000	0.000000	0.000000	1.000000	1.000000	2.560000	-0.015907	-0.070560	0.566820	-17.500000	0.000000	0.254874	0.982671
10.000000	13.396000	-63.766777	0.000000	52.470680	-65.375198	0.013448	5.907038	0.004002	-17.500000	0.000000	0.000000	1.000000	1.000000	2.560000	0.021741	-0.081093	0.787042	-17.500000	0.000000	0.265302	0.979891
10.000000	13.496000	-63.766777	0.000000	50.238277	-65.187477	0.008670	6.598926	0.004003	-17.500000	0.000000	0.000000	1.000000	1.000000	2.560000	0.021737	-0.068699	0.837345	-17.500000	0.000000	0.275698	0.976995
10.000000	13.596000	-63.766777	0.000000	47.797550	-64.982132	0.001590	7.459535	0.003998	-17.500000	0.000000	0.000000	1.000000	1.000000	2.560000	0.029511	-0.066167	0.823959	-17.500000	0.000000	0.286061	0.973983
10.000000	13.696000	-63.766777	0.000000	45.374908	-64.807182	-0.005714	8.255053	0.003999	-17.500000	0.000000	0.000000	1.000000	1.000000	2.560000	0.031757	-0.069282	0.822897	-17.500000	0.000000	0.296388	0.970855
10.000000	13.796000	-63.766777	0.000000	42.977623	-64.684349	-0.009828	8.907037	0.004001	-17.500000	0.000000	0.000000	1.000000	1.000000	2.560000	0.020884	-0.072606	0.748977	-17.500000	0.000000	0.306680	0.967613
10.000000	13.896000	-63.766777	0.000000	40.820938	-64.588867	-0.013016	9.458609	0.004002	-17.500000	0.000000	0.000000	1.000000	1.000000	2.560000	0.021514	-0.069033	0.616026	-17.500000	0.000000	0.316934	0.964257
10.000000	13.996000	-63.766777	0.000000	39.094757	-64.536293	-0.010681	9.843843	0.003997	-17.500000	0.000000	0.000000	1.000000	1.000000	2.560000	0.021571	-0.038918	0.259669	-17.500000	0.000000	0.327149	0.960788
10.000000	14.096000	-63.766777	0.000000	38.396767	-64.522942	-0.006626	10.006006	0.003999	-17.500000	0.000000	0.000000	1.000000	1.000000	2.560000	-0.019826	-0.000607	0.025969	-17.500000	0.000000	0.337324	0.957207
10.000000	14.196000	-63.766777	0.000000	38.407890	-64.561287	-0.001115	9.719472	0.004000	-17.500000	0.000000	0.000000	1.000000	1.000000	2.560000	-0.098032	0.000001	0.011413	-17.500000	0.000000	0.347458	0.953513
10.000000	14.296000	-63.766777	0.000000	38.411160	-64.615578	0.003622	9.269333	0.004001	-17.500000	0.000000	0.000000	1.000000	1.000000	2.560000	-0.120774	0.000006	-0.002048	-17.500000	0.000000	0.357549	0.949708
10.000000	14.396000	-63.766777	0.000000	38.410843	-64.657013	0.003714	9.001534	0.004003	-17.500000	0.000000	0.000000	1.000000	1.000000	2.560000	-0.078072	0.000001	-0.005754	-17.500000	0.000000	0.367596	0.945793
10.000000	14.496000	-63.766777	0.000000	38.410847	-64.684959	0.004913	8.866042	0.003998	-17.500000	0.000000	0.000000	1.000000	1.000000	2.560000	-0.050949	0.000000	-0.007547	-17.500000	0.000000	0.377599	0.941768
10.000000	14.596000	-63.766777	0.000000	38.410851	-64.701416	0.006460	8.782664	0.003999	-17.500000	0.000000	0.000000	1.000000	1.000000	2.560000	-0.049210	0.000000	-0.010131	-17.500000	0.000000	0.387555	0.937633
10.000000	14.696000	-63.766777	0.000000	38.410851	-64.708298	0.006931	8.745937	0.004000	-17.500000	0.000000	0.000000	1.000000	1.000000	2.560000	-0.040012	-0.000140	0.015458	-17.500000	0.000000	0.397463	0.933390
10.000000	14.796000	-63.766777	0.000000	38.410851	-64.712456	0.008330	8.723783	0.004002	-17.500000	0.000000	0.000000	1.000000	1.000000	2.560000	0.001600	-0.052201	0.055277	-17.500000	0.000000	0.407323	0.929040
10.000000	14.896000	-63.766777	0.000000	38.344906	-64.714760	0.009544	8.711361	0.003997	-17.500000	0.000000	0.000000	1.000000	1.000000	2.560000	0.008264	-0.042367	0.318259	-17.500000	0.000000	0.417134	0.924582
10.000000	14.996000	-63.766777	0.000000	37.685040	-64.689316	0.007668	8.765774	0.003998	-17.500000	0.000000	0.000000	1.000000	1.000000	2.560000	0.021931	-0.039933	0.442247	-17.500000	0.000000	0.426893	0.920018
10.000000	15.096000	-63.766777	0.000000	36.572868	-64.643547	0.005419	9.041113	0.004000	-17.500000	0.000000	0.000000	1.000000	1.000000	2.560000	0.021633	-0.031665	0.472085	-17.500000	0.000000	0.436600	0.915349
10.000000	15.196000	-63.766777	0.000000	35.325623	-64.565826	0.003673	9.541209	0.004001	-17.500000	0.000000	0.000000	1.000000	1.000000	2.560000	0.021581	-0.027370	0.525144	-17.500000	0.000000	0.446253	0.910575
10.000000	15.296000	-63.766777	0.000000	33.927040	-64.503059	0.003085	9.951307	0.004002	-17.500000	0.000000	0.000000	1.000000	1.000000	2.560000	0.021576	-0.017139	0.534192	-17.500000	0.000000	0.455853	0.905697
10.000000	15.396000	-63.766777	0.000000	32.494049	-64.439987	0.000654	10.417938	0.003998	-17.500000	0.000000	0.000000	1.000000	1.000000	2.560000	0.021575	-0.008362	0.428217	-17.500000	0.000000	0.465397	0.900716
10.000000	15.496000	-63.766777	0.000000	31.447212	-64.403938	0.001002	10.778972	0.003999	-17.500000	0.000000	0.000000	1.000000	1.000000	2.560000	0.021575	-0.010213	0.066275	-17.500000	0.000000	0.474884	0.895633
10.000000	15.596000	-63.766777	0.000000	31.288332	-64.418053	0.002407	10.872689	0.004000	-17.500000	0.000000	0.000000	1.000000	1.000000	2.560000	0.009920	-0.009134	0.020905	-17.500000	0.000000	0.484314	0.890448
10.000000	15.696000	-63.766777	0.000000	31.299911	-64.423187	0.002903	10.625421	0.004001	-17.500000	0.000000	0.000000	1.000000	1.000000	2.560000	-0.017469	-0.005259	0.019799	-17.500000	0.000000	0.493685	0.885162
10.000000	15.796000	-63.766777	0.000000	31.299969	-64.449974	0.003274	10.364676	0.004003	-17.500000	0.000000	0.000000	1.000000	1.000000	2.560000	-0.024888	-0.000256	0.014345	-17.500000	0.000000	0.502996	0.879777
10.000000	15.896000	-63.766777	0.000000	31.299896	-64.468140	0.002909	10.227900	0.003998	-17.500000	0.000000	0.000000	1.000000	1.000000	2.560000	-0.017595	-0.000017	0.016167	-17.500000	0.000000	0.512246	0.874292
10.000000	15.996000	-63.766777	0.000000	31.299902	-64.478401	0.005364	10.152672	0.003999	-17.500000	0.000000	0.000000	1.000000	1.000000	2.560000	-0.008928	-0.000001	0.019451	-17.500000	0.000000	0.521435	0.868708
10.000000	16.096001	-63.766777	0.000000	31.299902	-64.483604	0.006227	10.114853	0.004001	-17.500000	0.000000	0.000000	1.000000	1.000000	2.560000	-0.005782	0.000000	0.019687	-17.500000	0.000000	0.530560	0.863028
10.000000	16.195999	-63.766777	0.000000	31.299902	-64.486496	0.007137	10.093728	0.004002	-17.500000	0.000000	0.000000	1.000000	1.000000	2.560000	-0.003972	0.000000	0.019711	-17.500000	0.000000	0.539622	0.857250
10.000000	16.296000	-63.766777	0.000000	31.299902	-64.488289	0.007024	10.080395	0.003997	-17.500000	0.000000	0.000000	1.000000	1.000000	2.560000	-0.001935	0.000000	0.019713	-17.500000	0.000000	0.548619	0.851377
10.000000	16.396000	-63.766777	0.000000	31.299902	-64.490089	0.005221	10.067066	0.003998	-17.500000	0.000000	0.000000	1.000000	1.000000	2.560000	-0.003284	0.000000	0.019713	-17.500000	0.000000	0.557550	0.845409
10.000000	16.496000	-63.766777	0.000000	31.215952	-64.417366	0.004574	10.607032	0.003998	-17.500000	0.000000	0.000000	1.000000	1.000000	16.496000	0.001948	0.000000	-0.000000	-4.950876	0.000000	0.656574	0.714514
10.000000	16.596001	-63.766777	0.000000	31.298218	-64.417503	0.004029	10.610278	0.003999	-17.500000	0.000000	0.000000	1.000000	1.000000	16.596001	0.002104	0.000000	-0.000000	-4.681545	0.000000	0.660458	0.704276
10.000000	16.695999	-63.766777	0.000000	31.299906	-64.417503	0.004029	10.610278	0.004001	-17.500000	0.000000	0.000000	1.000000	1.000000	16.695999	0.001966	0.000000	-0.000000	-4.755086	0.000000	0.664289	0.694193
10.000000	16.796000	-63.766777	0.000000	31.299902	-64.417503	0.004029	10.610278	0.004002	-17.500000	0.000000	0.000000	1.000000	1.000000	16.796000	0.001982	0.000000	-0.000000	-5.085310	0.000000	0.668071	0.684260
10.000000	16.896000	-63.766777	0.000000	31.299902	-64.417503	0.004029	10.610278	0.003997	-17.500000	0.000000	0.000000	1.000000	1.000000	16.896000	0.001983	0.000000	0.000000	-5.601758	0.000000	0.671808	0.674471
10.000000	16.996000	-63.766777	0.000000	31.299902	-64.417503	0.004029	10.610278	0.003999	-17.500000	0.000000	0.000000	1.000000	1.000000	16.996000	0.001984	0.000000	0.000000	-6.247345	0.000000	0.675503	0.664821
10.000000	17.096001	-63.766777	0.000000	31.299902	-64.417503	0.004029	10.610278	0.004000	-17.500000	0.000000	0.000000	1.000000	1.000000	17.096001	0.001984	-0.000000	0.000000	-6.976285	0.000000	0.679161	0.655305
10.000000	17.195999	-63.766777	0.000000	31.299902	-64.417503	0.004029	10.610278	0.004001	-17.500000	0.000000	0.000000	1.000000	1.000000	17.195999	0.001984	-0.000000	0.000000	-7.752290	0.000000	0.682783	0.645918
10.000000	17.296000	-63.766777	0.000000	31.299902	-64.417503	0.004029	10.610278	0.004002	-17.500000	0.000000	0.000000	1.000000	1.000000	17.296000	0.001984	-0.000000	0.000000	-8.547015	0.000000	0.686374	0.636655
10.000000	17.396000	-63.766777	0.000000	31.299902	-64.417503	0.004029	10.610278	0.003998	-17.500000	0.000000	0.000000	1.000000	1.000000	17.396000	0.001984	-0.000000	0.000000	-9.338703	0.000000	0.689936	0.627512
10.000000	17.496000	-63.766777	0.000000	31.299902	-64.417503	0.004029	10.610278	0.003999	-17.500000	0.000000	0.000000	1.000000	1.000000	17.496000	0.001984	-0.000000	0.000000	-10.111032	0.000000	0.693472	0.618482
10.000000	17.596001	-63.766777	0.000000	31.299902	-64.417503	0.004029	10.610278	0.004000	-17.500000	0.000000	0.000000	1.000000	1.000000	17.596001	0.001984	-0.000000	-0.000000	-10.852123	0.000000	0.696984	0.609563
10.000000	17.695999	-63.766777	0.000000	31.299902	-64.417503	0.004029	10.610278	0.004002	-17.500000	0.000000	0.000000	1.000000	1.000000	17.695999	0.001984	-0.000000	-0.000000	-11.553705	0.000000	0.700474	0.600748
10.000000	17.796000	-63.766777	0.000000	31.299902	-64.417503	0.004029	10.610278	0.004003	-17.500000	0.000000	0.000000	1.000000	1.000000	17.796000	0.001984	0.000000	-0.000000	-12.210398	0.000000	0.703945	0.592033
10.000000	17.896000	-63.766777	0.000000	31.299902	-64.417503	0.004029	10.610278	0.003998	-17.500000	0.000000	0.000000	1.000000	1.000000	17.896000	0.001984	0.000000	-0.000000	-12.819116	0.000000	0.707398	0.583414
10.000000	17.996000	-63.766777	0.000000	31.282072	-64.417503	0.004029	10.610278	0.004001	-17.500000	0.000000	0.000000	1.000000	1.000000	17.996000	-0.000014	-0.000000	0.000000	-13.615763	0.000000	0.715493	0.562550
10.000000	18.096001	-63.766777	0.000000	31.299917	-64.417503	0.004029	10.610278	0.004002	-17.500000	0.000000	0.000000	1.000000	1.000000	18.096001	-0.000000	-0.000000	-0.000000	-13.645002	0.000000	0.718424	0.553874
10.000000	18.195999	-63.766777	0.000000	31.299902	-64.417503	0.004029	10.610278	0.003997	-17.500000	0.000000	0.000000	1.000000	1.000000	18.195999	0.000000	-0.000000	-0.000000	-13.750154	0.000000	0.721350	0.545300
10.000000	18.296000	-63.766777	0.000000	31.299902	-64.417503	0.004029	10.610278	0.003999	-17.500000	0.000000	0.000000	1.000000	1.000000	18.296000	0.000000	0.000000	-0.000000	-13.910222	0.000000	0.724271	0.536822
10.000000	18.396000	-63.766777	0.000000	31.299902	-64.417503	0.004029	10.610278	0.004000	-17.500000	0.000000	0.000000	1.000000	1.000000	18.396000	0.000000	0.000000	-0.000000	-14.108202	0.000000	0.727189	0.528437
10.000000	18.496000	-63.766777	0.000000	31.299902	-64.417503	0.004029	10.610278	0.004001	-17.500000	0.000000	0.000000	1.000000	1.000000	18.496000	0.000000	0.000000	-0.000000	-14.330470	0.000000	0.730106	0.520139
10.000000	18.596001	-63.766777	0.000000	31.299902	-64.417503	0.004029	10.610278	0.004002	-17.500000	0.000000	0.000000	1.000000	1.000000	18.596001	0.000000	0.000000	-0.000000	-14.566242	0.000000	0.733022	0.511924
10.000000	18.695999	-63.766777	0.000000	31.299902	-64.417503	0.004029	10.610278	0.003998	-17.500000	0.000000	0.000000	1.000000	1.000000	18.695999	0.000000	0.000000	-0.000000	-14.807099	0.000000	0.735937	0.503788
10.000000	18.796000	-63.766777	0.000000	31.299902	-64.417503	0.004029	10.610278	0.003999	-17.500000	0.000000	0.000000	1.000000	1.000000	18.796000	0.000000	0.000000	0.000000	-15.046596	0.000000	0.738854	0.495726
10.000000	18.896000	-63.766777	0.000000	31.299902	-64.417503	0.004029	10.610278	0.004000	-17.500000	0.000000	0.000000	1.000000	1.000000	18.896000	-0.000000	0.000000	0.000000	-15.279901	0.000000	0.741771	0.487733
10.000000	18.996000	-63.766777	0.000000	31.299902	-64.417503	0.004029	10.610278	0.004002	-17.500000	0.000000	0.000000	1.000000	1.000000	18.996000	-0.000000	-0.000000	0.000000	-15.503512	0.000000	0.744690	0.479806
10.000000	19.096001	-63.766777	0.000000	31.299902	-64.417503	0.004029	10.610278	0.004003	-17.500000	0.000000	0.000000	1.000000	1.000000	19.096001	-0.000000	-0.000000	0.000000	-15.714999	0.000000	0.747611	0.471941
10.000000	19.195999	-63.766777	0.000000	31.299902	-64.417503	0.004029	10.610278	0.003998	-17.500000	0.000000	0.000000	1.000000	1.000000	19.195999	-0.000000	-0.000000	0.000000	-15.912794	0.000000	0.750533	0.464133
10.000000	19.296000	-63.766777	0.000000	31.299902	-64.417503	0.004029	10.610278	0.004000	-17.500000	0.000000	0.000000	1.000000	1.000000	19.296000	-0.000000	0.000000	0.000000	-16.096008	0.000000	0.753458	0.456379
10.000000	19.396000	-63.766777	0.000000	31.299902	-64.417503	0.004029	10.610278	0.004001	-17.500000	0.000000	0.000000	1.000000	1.000000	19.396000	-0.000000	0.000000	-0.000000	-16.264292	0.000000	0.756385	0.448675
10.000000	19.496000	-63.766777	0.000000	31.299902	-64.417503	0.004029	10.610278	0.004002	-17.500000	0.000000	0.000000	1.000000	1.000000	19.496000	0.000000	0.000000	0.000000	-16.417698	0.000000	0.759314	0.441017
10.000000	19.596001	-63.766777	0.000000	31.299902	-64.417503	0.004029	10.610278	0.003997	-17.500000	0.000000	0.000000	1.000000	1.000000	19.596001	0.000000	-0.000000	0.000000	-16.556589	0.000000	0.762245	0.433402
10.000000	19.695999	-63.766777	0.000000	31.299902	-64.417503	0.004029	10.610278	0.003999	-17.500000	0.000000	0.000000	1.000000	1.000000	19.695999	0.000000	-0.000000	0.000000	-16.681553	0.000000	0.765177	0.425825
10.000000	19.796000	-63.766777	0.000000	31.299902	-64.417503	0.004029	10.610278	0.004000	-17.500000	0.000000	0.000000	1.000000	1.000000	19.796000	0.000000	-0.000000	0.000000	-16.793331	0.000000	0.768110	0.418284
10.000000	19.896000	-63.766777	0.000000	31.299902	-64.417503	0.004029	10.610278	0.004001	-17.500000	0.000000	0.000000	1.000000	1.000000	19.896000	0.000000	0.000000	-0.000000	-16.892765	0.000000	0.771044	0.410776
10.000000	19.996000	-63.766777	0.000000	31.299902	-64.417503	0.004029	10.610278	0.004003	-17.500000	0.000000	0.000000	1.000000	1.000000	19.996000	0.000000	0.000000	-0.000000	-16.980761	0.000000	0.773978	0.403297
10.000000	20.096001	-63.766777	0.000000	31.299902	-64.417503	0.004029	10.610278	0.003998	-17.500000	0.000000	0.000000	1.000000	1.000000	20.096001	0.000000	0.000000	-0.000000	-17.058239	0.000000	0.776911	0.395843
10.000000	20.195999	-63.766777	0.000000	31.299902	-64.417503	0.004029	10.610278	0.003999	-17.500000	0.000000	0.000000	1.000000	1.000000	20.195999	-0.000000	-0.000000	0.000000	-17.126125	0.000000	0.779842	0.388412
10.000000	20.296000	-63.766777	0.000000	31.299902	-64.417503	0.004029	10.610278	0.004001	-17.500000	0.000000	0.000000	1.000000	1.000000	20.296000	-0.000000	-0.000000	0.000000	-17.185324	0.000000	0.782772	0.381002
10.000000	20.396000	-63.766777	0.000000	31.299902	-64.417503	0.004029	10.610278	0.004002	-17.500000	0.000000	0.000000	1.000000	1.000000	20.396000	-0.000000	-0.000000	0.000000	-17.236700	0.000000	0.785699	0.373608
10.000000	20.496000	-63.766777	0.000000	31.299902	-64.417503	0.004029	10.610278	0.003997	-17.500000	0.000000	0.000000	1.000000	1.000000	20.496000	-0.000000	0.000000	-0.000000	-17.281076	0.000000	0.788621	0.366228
10.000000	20.596001	-63.766777	0.000000	31.299902	-64.417503	0.004029	10.610278	0.003998	-17.500000	0.000000	0.000000	1.000000	1.000000	20.596001	-0.000000	0.000000	-0.000000	-17.319225	0.000000	0.791539	0.358861
10.000000	20.695999	-63.766777	0.000000	31.299902	-64.417503	0.004029	10.610278	0.004000	-17.500000	0.000000	0.000000	1.000000	1.000000	20.695999	-0.000000	0.000000	-0.000000	-17.351858	0.000000	0.794451	0.351502
10.000000	20.796000	-63.766777	0.000000	31.299902	-64.417503	0.004029	10.610278	0.004001	-17.500000	0.000000	0.000000	1.000000	1.000000	20.796000	-0.000000	-0.000000	0.000000	-17.379633	0.000000	0.797356	0.344149
10.000000	20.896000	-63.766777	0.000000	31.299902	-64.417503	0.004029	10.610278	0.004002	-17.500000	0.000000	0.000000	1.000000	1.000000	20.896000	0.000000	-0.000000	0.000030	-17.403151	0.000000	0.800253	0.336800
10.000000	20.996000	-63.766777	0.000000	31.299902	-64.417503	0.004029	10.610278	0.003998	-17.500000	0.000000	0.000000	1.000000	1.000000	20.996000	0.000000	-0.000000	0.063456	-17.422955	0.000000	0.803142	0.329453
10.000000	21.096001	-63.766777	0.000000	31.298014	-64.417503	0.004029	10.610278	0.003999	-17.500000	0.000000	0.000000	1.000000	1.000000	21.059999	0.000000	0.000000	0.145784	-17.439533	0.000000	0.806019	0.322106
10.000000	21.195999	-63.766777	0.000000	31.158981	-64.417503	0.004029	10.610278	0.004000	-17.500000	0.000000	0.000000	1.000000	1.000000	21.059999	0.000000	0.000000	0.229761	-17.453323	0.000000	0.808885	0.314755
10.000000	21.296000	-63.766777	0.000000	30.702618	-64.417503	0.004029	10.610278	0.004001	-17.500000	0.000000	0.000000	1.000000	1.000000	21.059999	0.000000	0.000000	0.411964	-17.464718	0.000000	0.811739	0.307400
10.000000	21.396000	-63.766777	0.000000	29.693083	-64.417503	0.004029	10.610278	0.004003	-17.500000	0.000000	0.000000	1.000000	1.000000	21.059999	0.000000	-0.000000	0.547793	-17.474062	0.000000	0.814578	0.300038
10.000000	21.496000	-63.766777	0.000000	28.237856	-64.417503	0.004029	10.610278	0.003998	-17.500000	0.000000	0.000000	1.000000	1.000000	21.059999	0.000000	-0.000000	0.568702	-17.481661	0.000000	0.817402	0.292666
10.000000	21.596001	-63.766777	0.000000	26.647766	-64.417503	0.004029	10.610278	0.003999	-17.500000	0.000000	0.000000	1.000000	1.000000	21.059999	-0.000000	-0.000000	0.684746	-17.487780	0.000000	0.820209	0.285284
10.000000	21.695999	-63.766777	0.000000	24.736267	-64.417503	0.004029	10.610278	0.004001	-17.500000	0.000000	0.000000	1.000000	1.000000	21.059999	-0.000000	0.000000	0.773581	-17.492651	0.000000	0.822998	0.277890
10.000000	21.796000	-63.766777	0.000000	22.521339	-64.417503	0.004029	10.610278	0.004002	-17.500000	0.000000	0.000000	1.000000	1.000000	21.059999	-0.000000	0.000000	0.777128	-17.496479	0.000000	0.825767	0.270481
10.000000	21.896000	-63.766777	0.000000	20.261213	-64.417503	0.004029	10.610278	0.003997	-17.500000	0.000000	0.000000	1.000000	1.000000	21.059999	-0.000000	-0.000000	0.772770	-17.499439	0.000000	0.828516	0.263056
10.000000	21.996000	-63.766777	0.000000	18.041637	-64.417503	0.004029	10.610278	0.003999	-17.500000	0.000000	0.000000	1.000000	1.000000	21.059999	-0.000000	-0.000000	0.586221	-17.501680	0.000000	0.831241	0.255614
10.000000	22.096001	-63.766777	0.000000	16.449183	-64.417503	0.004029	10.610278	0.004000	-17.500000	0.000000	0.000000	1.000000	1.000000	21.059999	-0.000000	-0.000000	0.147685	-17.503332	0.000000	0.833943	0.248153
10.000000	22.195999	-63.766777	0.000000	16.111032	-64.417503	0.004029	10.610278	0.004001	-17.500000	0.000000	0.000000	1.000000	1.000000	21.059999	-0.000000	0.000000	-0.003281	0.000000	0.000000	0.836620	0.240672
10.000000	22.296000	-63.766777	0.000000	16.116913	-64.417503	0.004029	10.610278	0.004002	-17.500000	0.000000	0.000000	1.000000	1.000000	21.059999	0.000000	0.000000	-0.000161	0.000000	0.000000	0.839269	0.233169
10.000000	22.396000	-63.766777	0.000000	16.096132	-64.417503	0.004029	10.610278	0.003998	-17.500000	0.000000	0.000000	1.000000	1.000000	21.059999	0.000000	0.000000	0.000005	0.000000	0.000000	0.841890	0.225643
10.000000	22.496000	-63.766777	0.000000	16.061533	-64.417503	0.004029	10.610278	0.003999	-17.500000	0.000000	0.000000	1.000000	1.000000	21.059999	-0.000000	-0.000000	0.000002	0.000000	0.000000	0.844481	0.218093
10.000000	22.596001	-63.766777	0.000000	16.014965	-64.417503	0.004029	10.610278	0.004000	-17.500000	0.000000	0.000000	1.000000	1.000000	21.059999	-0.000000	-0.000000	-0.143160	0.000000	0.000000	0.847040	0.210518
10.000000	22.695999	-63.766777	0.000000	15.956862	-64.417503	0.004029	10.610278	0.004002	-17.500000	0.000000	0.000000	1.000000	1.000000	21.059999	-0.000000	-0.000000	-0.349788	0.000000	0.000000	0.849567	0.202917
10.000000	22.796000	-63.766777	0.000000	15.887815	-64.417503	0.004029	10.610278	0.004003	-17.500000	0.000000	0.000000	1.000000	1.000000	21.059999	-0.000000	0.000000	-0.527235	0.000000	0.000000	0.852058	0.195289
10.000000	22.896000	-63.766777	0.000000	15.808385	-64.417503	0.004029	10.610278	0.003998	-17.500000	0.000000	0.000000	1.000000	1.000000	21.059999	0.000000	0.000000	-0.541374	0.000000	0.000000	0.854514	0.187632
10.000000	22.996000	-63.766777	0.000000	15.719122	-64.417503	0.004029	10.610278	0.004000	-17.500000	0.000000	0.000000	1.000000	1.000000	21.059999	0.000000	0.000000	-0.543037	0.000000	0.000000	0.856931	0.179946
10.000000	23.096001	-63.766777	0.000000	15.620556	-64.417503	0.004029	10.610278	0.004001	-17.500000	0.000000	0.000000	1.000000	1.000000	21.059999	0.000000	-0.000000	-0.186978	0.000000	0.000000	0.859310	0.172231
10.000000	23.195999	-63.766777	0.000000	15.513202	-64.417503	0.004029	10.610278	0.004002	-17.500000	0.000000	0.000000	1.000000	1.000000	21.059999	-0.003336	-0.000000	-0.000990	0.000000	0.000000	0.861647	0.164485
10.000000	23.296000	-63.766777	0.000000	15.397555	-64.417503	0.004029	10.610278	0.003997	-17.500000	0.000000	0.000000	1.000000	1.000000	21.059999	-0.000170	-0.000000	-0.000007	0.000000	0.000000	0.863942	0.156708
10.000000	23.396000	-63.766777	0.000000	15.274100	-64.417503	0.004029	10.610278	0.003999	-17.500000	0.000000	0.000000	1.000000	1.000000	21.059999	-0.000009	0.000000	0.000005	0.000000	0.000000	0.866192	0.148900
10.000000	23.496000	-63.766777	0.000000	15.143303	-64.417503	0.004029	10.610278	0.004000	-17.500000	0.000000	0.000000	1.000000	1.000000	21.059999	-0.000000	0.000000	0.000001	0.000000	0.000000	0.868397	0.141059
10.000000	23.596001	-63.766777	0.000000	15.005612	-64.417503	0.004029	10.610278	0.004001	-17.500000	0.000000	0.000000	1.000000	1.000000	21.059999	0.000000	0.000000	0.000000	0.000000	0.000000	0.870555	0.133185
10.000000	23.695999	-63.766777	0.000000	14.861466	-64.417503	0.004029	10.610278	0.004003	-17.500000	0.000000	0.000000	1.000000	1.000000	21.059999	0.000000	-0.000000	0.000000	0.000000	0.000000	0.872664	0.125279
10.000000	23.796000	-63.766777	0.000000	14.711287	-64.417503	0.004029	10.610278	0.003998	-17.500000	0.000000	0.000000	1.000000	1.000000	21.059999	0.000000	-0.000000	0.000000	0.000000	0.000000	0.874723	0.117338
10.000000	23.896000	-63.766777	0.000000	14.555478	-64.417503	0.004029	10.610278	0.003999	-17.500000	0.000000	0.000000	1.000000	1.000000	21.059999	0.000000	-0.000000	0.000000	0.000000	0.000000	0.876730	0.109365
10.000000	23.996000	-63.766777	0.000000	14.394436	-64.417503	0.004029	10.610278	0.004000	-17.500000	0.000000	0.000000	1.000000	1.000000	21.059999	0.000000	0.000000	-0.000000	0.000000	0.000000	0.878683	0.101357
10.000000	24.096001	-63.766777	0.000000	14.228539	-64.417503	0.004029	10.610278	0.004002	-17.500000	0.000000	0.000000	1.000000	1.000000	21.059999	0.000000	0.000000	-0.000000	0.000000	0.000000	0.880581	0.093315
10.000000	24.195999	-63.766777	0.000000	14.058153	-64.417503	0.004029	10.610278	0.003997	-17.500000	0.000000	0.000000	1.000000	1.000000	21.059999	-0.000000	0.000000	-0.000000	0.000000	0.000000	0.882423	0.085239
10.000000	24.296000	-63.766777	0.000000	13.883632	-64.417503	0.004029	10.610278	0.003998	-17.500000	0.000000	0.000000	1.000000	1.000000	21.059999	-0.000000	-0.000000	-0.000000	0.000000	0.000000	0.884207	0.077129
10.000000	24.396000	-63.766777	0.000000	13.705314	-64.417503	0.004029	10.610278	0.004000	-17.500000	0.000000	0.000000	1.000000	1.000000	21.059999	-0.000000	-0.000000	-0.000000	0.000000	0.000000	0.885932	0.068984
10.000000	24.496000	-63.766777	0.000000	13.523528	-64.417503	0.004029	10.610278	0.004001	-17.500000	0.000000	0.000000	1.000000	1.000000	21.059999	-0.000000	-0.000000	-0.000000	0.000000	0.000000	0.887595	0.060805
10.000000	24.596001	-63.766777	0.000000	13.338590	-64.417503	0.004029	10.610278	0.004002	-17.500000	0.000000	0.000000	1.000000	1.000000	21.059999	-0.000000	0.000000	-0.000000	0.000000	0.000000	0.889196	0.052591
10.000000	24.695999	-63.766777	0.000000	13.150804	-64.417503	0.004029	10.610278	0.003998	-17.500000	0.000000	0.000000	1.000000	1.000000	21.059999	-0.000000	0.000000	0.000000	0.000000	0.000000	0.890734	0.044344
10.000000	24.796000	-63.766777	0.000000	12.960460	-64.417503	0.004029	10.610278	0.003999	-17.500000	0.000000	0.000000	1.000000	1.000000	21.059999	-0.000000	-0.000000	0.000000	0.000000	0.000000	0.892206	0.036063
10.000000	24.896000	-63.766777	0.000000	12.767839	-64.417503	0.004029	10.610278	0.004000	-17.500000	0.000000	0.000000	1.000000	1.000000	21.059999	0.000000	-0.000000	0.000000	0.000000	0.000000	0.893611	0.027748
10.000000	24.996000	-63.766777	0.000000	12.573214	-64.417503	0.004029	10.610278	0.004001	-17.500000	0.000000	0.000000	1.000000	1.000000	21.059999	0.000000	-0.000000	0.000000	0.000000	0.000000	0.894948	0.019400
10.000000	25.096001	-63.766777	0.000000	12.376840	-64.417503	0.004029	10.610278	0.004003	-17.500000	0.000000	0.000000	1.000000	1.000000	21.059999	0.000000	0.000000	0.000000	0.000000	0.000000	0.896216	0.011018
10.000000	25.195999	-63.766777	0.000000	12.178967	-64.417503	0.004029	10.610278	0.003998	-17.500000	0.000000	0.000000	1.000000	1.000000	21.059999	0.000000	0.000000	0.000000	0.000000	0.000000	0.897412	0.002605
10.000000	25.296000	-63.766777	0.000000	11.979834	-64.417503	0.004029	10.610278	0.003999	-17.500000	0.000000	0.000000	1.000000	1.000000	21.059999	0.000000	0.000000	0.000000	0.000000	-0.000000	0.898537	-0.005842
10.000000	25.396000	-63.766777	0.000000	11.779668	-64.417503	0.004029	10.610278	0.004001	-17.500000	0.000000	0.000000	1.000000	1.000000	21.059999	0.000000	-0.000000	-0.000000	0.000000	-0.000000	0.899588	-0.014320
10.000000	25.496000	-63.766777	0.000000	11.578688	-64.417503	0.004029	10.610278	0.004002	-17.500000	0.000000	0.000000	1.000000	1.000000	21.059999	0.000000	-0.000000	-0.000000	0.000000	-0.000000	0.900342	-0.022822
10.000000	25.596001	-63.766777	0.000000	11.377105	-64.417503	0.004029	10.610278	0.003997	-17.500000	0.000000	0.000000	1.000000	1.000000	21.059999	-0.000000	-0.000000	-0.000000	0.000000	-0.000000	0.900643	-0.031335
10.000000	25.695999	-63.766777	0.000000	11.175117	-64.417503	0.004029	10.610278	0.003999	-17.500000	0.000000	0.000000	1.000000	1.000000	21.059999	-0.000000	0.000000	-0.000000	0.000000	-0.000000	0.900455	-0.039840
